1786799258096389376.000000 0.005014184 0.005194085 0.067321949 -0.004392053 0.046579503 0.005716544 0.998888552
1786799258163064832.000000 0.003060715 0.005302294 0.070730992 -0.004864589 0.043216128 0.005558155 0.999038458
1786799258263096064.000000 0.003293431 0.005002769 0.073088832 -0.004299398 0.037953202 0.005783857 0.999253571
1786799258296443904.000000 0.002925897 0.005115739 0.074228272 -0.004171784 0.036162045 0.005695303 0.999321043
1786799258513082880.000000 0.001350391 0.005555534 0.081182837 -0.003577141 0.029241284 0.005531771 0.999550700
1786799258629852416.000000 -0.000428357 0.005017709 0.085048072 -0.003630009 0.027741684 0.005488550 0.999593496
1786799258729829376.000000 0.000716852 0.005567188 0.089059822 -0.004162378 0.027017072 0.005547005 0.999610901
1786799258829760000.000000 0.000672693 0.005679859 0.092215486 -0.005587381 0.027853835 0.005285063 0.999582469
1786799259063087104.000000 0.001909660 0.005855734 0.100871444 -0.006346814 0.033461493 0.005298230 0.999405801
1786799259163016960.000000 0.002132569 0.005813029 0.103878573 -0.005716620 0.036913846 0.005202046 0.999288619
1786799259229829376.000000 0.002109266 0.005717600 0.105964400 -0.005163864 0.039533906 0.005146739 0.999191642
1786799259329783296.000000 0.002788353 0.005888703 0.109889962 -0.004722334 0.043322425 0.005246681 0.999036193
1786799259463112448.000000 0.003260176 0.005850977 0.114018075 -0.003829850 0.048198398 0.005274532 0.998816550
1786799259929708288.000000 0.007260500 0.006377782 0.130868077 -0.002992882 0.057514861 0.005226718 0.998326480
1786799259963026944.000000 0.009755330 0.006462113 0.133033350 -0.003419217 0.056733187 0.005420121 0.998368859
1786799260063095040.000000 0.007264335 0.006694665 0.135421336 -0.004586404 0.057823941 0.004962277 0.998303950
1786799260196441856.000000 0.007485219 0.007181469 0.140496716 -0.007004631 0.056385111 0.004948213 0.998372316
1786799260713044224.000000 0.008205727 0.007411144 0.159156129 -0.005253663 0.044645745 0.004744009 0.998977780
1786799260929838848.000000 0.008621227 0.007708409 0.166740581 -0.004142847 0.040353511 0.004628211 0.999166191
1786799261013103872.000000 0.008766288 0.007467124 0.169917956 -0.004191430 0.039153185 0.004536891 0.999214172
1786799261046406912.000000 0.008893740 0.007480155 0.171121716 -0.004146952 0.038675264 0.004596090 0.999232650
1786799261546433280.000000 0.011751506 0.011084788 0.189195588 -0.008679358 0.039654795 0.004508222 0.999165654
1786799261579793920.000000 0.011769929 0.009879674 0.189681798 -0.009366972 0.040298015 0.004487903 0.999133706
1786799261896583424.000000 0.013940914 0.010115489 0.200775579 -0.006959996 0.046200618 0.004053587 0.998899758
1786799262479915264.000000 0.017487945 0.009600221 0.221600771 -0.006196180 0.053696945 0.003642028 0.998531401
1786799262546605056.000000 0.016813705 0.009717912 0.224255055 -0.007179752 0.054389302 0.003721406 0.998487115
1786799262629755136.000000 0.017663160 0.009704825 0.227337182 -0.008970547 0.053739753 0.003743404 0.998507738
1786799262963122176.000000 0.018538451 0.011303688 0.238272473 -0.010348516 0.050034188 0.003696593 0.998687088
1786799262996484352.000000 0.018757151 0.011234375 0.239801586 -0.010165637 0.049720749 0.003845316 0.998704076
1786799263263248896.000000 0.018541621 0.011908581 0.248883843 -0.007561917 0.046144731 0.003284163 0.998900771
1786799264229867264.000000 0.023719737 0.012340909 0.282536358 -0.010863769 0.046606719 0.003719948 0.998847365
1786799264263190016.000000 0.024614818 0.012146394 0.284342468 -0.010765296 0.046669047 0.003591479 0.998845994
1786799265029857280.000000 0.029548790 0.013493316 0.311262250 -0.008689034 0.052252434 0.004200491 0.998587310
1786799265413211392.000000 0.030398868 0.014694978 0.325215012 -0.011739751 0.049454004 0.004045808 0.998699248
1786799265946581248.000000 0.030821647 0.014309686 0.344399303 -0.008100930 0.044905849 0.003731975 0.998951435
1786799266079829248.000000 0.030792577 0.014616222 0.348688334 -0.008304466 0.044497952 0.003655281 0.998968303
1786799266113200896.000000 0.031451035 0.014734425 0.350452304 -0.008612326 0.044150244 0.003898332 0.998980224
1786799266546650880.000000 0.033081148 0.016307482 0.365545869 -0.012011193 0.046691801 0.003916479 0.998829484
1786799266881822976.000000 0.034705777 0.016154878 0.378006786 -0.009121576 0.050330311 0.003649272 0.998684347
1786799266913228032.000000 0.034868401 0.016664950 0.379096597 -0.008572676 0.050752360 0.003825574 0.998667121
1786799267079894016.000000 0.035961214 0.016902309 0.384917408 -0.007546639 0.052182086 0.003897476 0.998601496
1786799267146616832.000000 0.036432367 0.017313439 0.387683094 -0.007150587 0.052700739 0.003946371 0.998576999
1786799267546760960.000000 0.038414780 0.018245116 0.401102096 -0.008701601 0.054599661 0.004017741 0.998462319
1786799267646665216.000000 0.038177822 0.018761355 0.404403716 -0.010057975 0.054163843 0.003743957 0.998474419
1786799267679881216.000000 0.038509265 0.018405059 0.406296194 -0.010621876 0.053867687 0.003892100 0.998484015
1786799267746512896.000000 0.038542323 0.018401267 0.408192873 -0.010872964 0.053160947 0.004125761 0.998518229
1786799267779939840.000000 0.038625043 0.018392149 0.409455568 -0.010941358 0.052685648 0.004078016 0.998542905
1786799267846606336.000000 0.039263222 0.018123956 0.412270904 -0.010978581 0.051832296 0.004511688 0.998585343
1786799267946577920.000000 0.038746566 0.018427100 0.415504754 -0.010088970 0.050747134 0.004052855 0.998652399
1786799268079871232.000000 0.038549453 0.018635834 0.420436829 -0.008621226 0.049234912 0.003905356 0.998742461
1786799268113217024.000000 0.039071016 0.018296188 0.421787381 -0.008498636 0.048510298 0.003873184 0.998779058
1786799268696666880.000000 0.039990194 0.018541910 0.443392158 -0.007919271 0.044016879 0.003862619 0.998991966
1786799268813317888.000000 0.040393513 0.019497238 0.447514385 -0.009649353 0.044436965 0.003767730 0.998958528
1786799268846563072.000000 0.040396620 0.018854959 0.448992521 -0.010510511 0.044835702 0.003943589 0.998931348
1786799268879945984.000000 0.040951047 0.019303467 0.450340688 -0.010794729 0.044923093 0.004074477 0.998923898
1786799268963251456.000000 0.041237533 0.019322310 0.453237206 -0.011427491 0.045670461 0.004158239 0.998882532
1786799269013283328.000000 0.041713718 0.019570449 0.455189914 -0.011306395 0.046220012 0.004273486 0.998858213
1786799269046607872.000000 0.041811962 0.019341609 0.456265092 -0.011286288 0.046640955 0.004242950 0.998838961
1786799269313378048.000000 0.043553334 0.019087525 0.466232747 -0.009036182 0.049762316 0.004006670 0.998712182
1786799269613346048.000000 0.045228165 0.019115526 0.476813942 -0.006610731 0.052986361 0.003881612 0.998565793
1786799269829998336.000000 0.046018206 0.019685056 0.484721661 -0.006925412 0.054370984 0.003931338 0.998489082
1786799270246701312.000000 0.047629144 0.020619206 0.500430107 -0.011754271 0.052127630 0.004148690 0.998562634
1786799270346668288.000000 0.048428643 0.020691814 0.503851414 -0.011239504 0.050730579 0.004309390 0.998639822
1786799270429912064.000000 0.048598379 0.020241385 0.506998897 -0.010713278 0.049815074 0.004442052 0.998691142
1786799270580017920.000000 0.048181698 0.020825386 0.512543678 -0.008870265 0.048376877 0.004063539 0.998781502
1786799270613293056.000000 0.048314773 0.020456463 0.513660848 -0.008807719 0.047901757 0.003897678 0.998805642
1786799270846599936.000000 0.048929367 0.018068373 0.521543503 -0.008685684 0.045833182 0.004099660 0.998902977
1786799270980057344.000000 0.049574971 0.021172021 0.526760876 -0.007498797 0.044828270 0.004069853 0.998958290
1786799271029944832.000000 0.049727146 0.021430185 0.528361440 -0.007712377 0.044730902 0.004090701 0.998960972
1786799271079927296.000000 0.049907520 0.021754866 0.530620217 -0.008175333 0.044647858 0.004167356 0.998960674
1786799271113297920.000000 0.050262194 0.021837689 0.531669259 -0.008669313 0.044598348 0.004348180 0.998957992
1786799271146581248.000000 0.050472300 0.022010747 0.533071160 -0.009132671 0.044579737 0.004453450 0.998954177
1786799271380163840.000000 0.051132035 0.023156466 0.541374803 -0.011778018 0.046169177 0.004284717 0.998855054
1786799271446649344.000000 0.051509622 0.023301462 0.543381810 -0.011736093 0.046855498 0.004360035 0.998823225
1786799271513363200.000000 0.051432550 0.023112817 0.545668304 -0.011573798 0.047764044 0.004270386 0.998782516
1786799271913314048.000000 0.053303063 0.023255398 0.560466886 -0.007869580 0.052233290 0.003970751 0.998596013
1786799272046670080.000000 0.054560926 0.023711361 0.565326393 -0.007179714 0.053165305 0.004289557 0.998550713
1786799272080034304.000000 0.054911576 0.023574753 0.566318393 -0.007199191 0.053369112 0.004345997 0.998539448
1786799272146688256.000000 0.054640092 0.023415053 0.568384647 -0.007319956 0.053898893 0.003979834 0.998511672
1786799272280028416.000000 0.055249389 0.023546504 0.573344469 -0.008301670 0.054325242 0.003880669 0.998481274
1786799272313359872.000000 0.055100583 0.023768147 0.574277103 -0.008631202 0.054440569 0.003916895 0.998472035
1786799272579968256.000000 0.056613728 0.024021816 0.584149599 -0.011835850 0.053058062 0.004704605 0.998510182
1786799272613362944.000000 0.056718562 0.024098240 0.585519493 -0.011821778 0.052859858 0.004852148 0.998520195
1786799272980043776.000000 0.057913586 0.023729255 0.598536909 -0.009132073 0.048812337 0.004602099 0.998755634
1786799273746661888.000000 0.060350325 0.024636913 0.626376510 -0.011690795 0.045940869 0.004402863 0.998866081
1786799274080003328.000000 0.061654635 0.025537394 0.638266325 -0.010469974 0.049448520 0.004245989 0.998712778
1786799274679958016.000000 0.063694671 0.026815683 0.659651458 -0.008398450 0.054514118 0.003999583 0.998469710
1786799274913618944.000000 0.065746233 0.025501296 0.667347610 -0.012607063 0.053410962 0.004451001 0.998483181
1786799275013398784.000000 0.065678045 0.026596297 0.670893490 -0.012923669 0.052774571 0.004374596 0.998513281
1786799275380024832.000000 0.065956801 0.027372826 0.683997393 -0.009949069 0.049297195 0.004058775 0.998726368
1786799275546836992.000000 0.066579856 0.026945911 0.690058172 -0.008521488 0.047820296 0.004256854 0.998810530
1786799275680033280.000000 0.066765174 0.027429588 0.695345104 -0.007859383 0.046804253 0.004113264 0.998864710
1786799275946800896.000000 0.067721866 0.028571477 0.704909086 -0.008762743 0.045858573 0.004143551 0.998900950
1786799276080077824.000000 0.067672066 0.028525770 0.710167587 -0.011200683 0.046517495 0.004136985 0.998846173
1786799276113404160.000000 0.068425506 0.029037500 0.710872889 -0.011336586 0.046329051 0.004273248 0.998852789
1786799276146706432.000000 0.068596639 0.028701210 0.712243795 -0.011906432 0.046632696 0.004402874 0.998831451
1786799276180023296.000000 0.068863176 0.029100209 0.713034809 -0.011860957 0.046837889 0.004478538 0.998822093
1786799276246784256.000000 0.069282033 0.029283468 0.715353191 -0.012050315 0.047379903 0.004461241 0.998794377
1786799276280054016.000000 0.070287399 0.028650539 0.716933966 -0.012470097 0.047331207 0.004543981 0.998791099
1786799276413403392.000000 0.069754899 0.029369058 0.721753180 -0.011276982 0.049216677 0.004158244 0.998715818
1786799276446751232.000000 0.070375137 0.029440328 0.722718656 -0.010789406 0.049248528 0.004150911 0.998719633
1786799276613485056.000000 0.074106015 0.029898066 0.728184938 -0.008764815 0.049887493 0.005070652 0.998703539
1786799276680098048.000000 0.074767575 0.030029589 0.729115129 -0.007703400 0.050131608 0.005008668 0.998700440
1786799276913404928.000000 0.072236679 0.028842507 0.739263475 -0.007786711 0.053791951 0.003943746 0.998514056
1786799276980066048.000000 0.063928097 0.028160993 0.744368255 -0.008569894 0.058586497 0.002654095 0.998242021
1786799277013453312.000000 0.064314932 0.027906854 0.745360315 -0.008789972 0.058555473 0.002547543 0.998242259
1786799277113404160.000000 0.064595327 0.027047936 0.749412358 -0.010390932 0.058729779 0.002478285 0.998216748
1786799277346951936.000000 0.067477889 0.029051483 0.757433772 -0.012938302 0.056701526 0.003068723 0.998302639
1786799277446737920.000000 0.067971267 0.028717715 0.761346638 -0.013629027 0.055656288 0.003021098 0.998352468
1786799277746824960.000000 0.074312031 0.031025402 0.770326018 -0.009811074 0.049665287 0.003100295 0.998712957
1786799278046940416.000000 0.071746886 0.030835373 0.781649351 -0.007937541 0.047230288 0.001965383 0.998850644
1786799278146800384.000000 0.070502460 0.030637233 0.785330296 -0.008053433 0.046514563 0.002067095 0.998883069
1786799278313415168.000000 0.067710973 0.031460494 0.791574478 -0.009097797 0.046343323 0.002175957 0.998881817
1786799278880187392.000000 0.057651810 0.032331429 0.811376154 -0.011568198 0.050342288 0.005087746 0.998652101
1786799279080126976.000000 0.053663917 0.032419916 0.818025231 -0.010560238 0.052054573 0.006632823 0.998566449
1786799279246742016.000000 0.050074842 0.032168899 0.824687541 -0.010635887 0.053137302 0.007069214 0.998505592
1786799279480150272.000000 0.044269606 0.032528598 0.832393229 -0.011650627 0.054172404 0.006590038 0.998441875
1786799279746868992.000000 0.037694987 0.032939844 0.842351496 -0.014358393 0.053115718 0.005079578 0.998472214
1786799279913482240.000000 0.033730078 0.032549035 0.848514557 -0.014800587 0.051583983 0.005620823 0.998543203
1786799279980124928.000000 0.031620812 0.032278147 0.850910008 -0.014740945 0.051248007 0.005911049 0.998559654
1786799280380169984.000000 0.019425226 0.032864697 0.865364254 -0.012407374 0.048448611 0.007732735 0.998718679
1786799281280246016.000000 -0.006820487 0.034783192 0.898712575 -0.014343917 0.050372019 0.006615780 0.998605609
1786799281346884352.000000 -0.008073601 0.035034034 0.902148724 -0.013909592 0.050395392 0.007006974 0.998607934
1786799281946999040.000000 -0.027998133 0.034510329 0.926225483 -0.014436289 0.053612381 0.006280653 0.998437703
1786799281980193024.000000 -0.029246515 0.034578267 0.927704632 -0.014739917 0.053610157 0.005819873 0.998436213
1786799282880231168.000000 -0.044178080 0.063672833 0.963425517 -0.007809299 0.045247167 0.007496701 0.998917162
1786799283413680384.000000 -0.064933471 0.064119346 0.988508761 -0.010639804 0.045799222 0.004747231 0.998882771
1786799283913619968.000000 -0.083133496 0.064072065 1.009553194 -0.005922755 0.049884610 0.009333131 0.998693883
1786799283946900224.000000 -0.081283629 0.064142674 1.009814024 -0.005317062 0.049660675 0.010801890 0.998693645
1786799284146853888.000000 -0.082296148 0.065030232 1.014368534 -0.004345169 0.049807396 0.012301956 0.998673677
1786799284180206336.000000 -0.084640794 0.063500665 1.013153076 -0.004835425 0.050178912 0.011663108 0.998660445
1786799284213548800.000000 -0.087089434 0.063682668 1.017359614 -0.004958174 0.050761644 0.011365911 0.998633802
1786799284380325376.000000 -0.089991458 0.064093128 1.022186995 -0.006447269 0.050633814 0.009770909 0.998648703
1786799284446898944.000000 -0.088254891 0.064992294 1.021473885 -0.006743406 0.049579877 0.009802973 0.998699307
1786799284513572864.000000 -0.091979250 0.064461745 1.026389360 -0.007456135 0.050072078 0.009001797 0.998677254
1786799284580236800.000000 -0.092702225 0.065140665 1.029759765 -0.008061540 0.049555004 0.008293315 0.998704493
1786799284613536000.000000 -0.091188312 0.064555474 1.025786757 -0.007747886 0.048849434 0.009209789 0.998733640
1786799284646863104.000000 -0.091491602 0.064636081 1.027349830 -0.007888598 0.048488095 0.009072352 0.998751462
1786799284880227072.000000 -0.099841066 0.063955069 1.040087938 -0.007825671 0.047844917 0.009418483 0.998779714
1786799285413629952.000000 -0.102757171 0.064504743 1.054352760 -0.006757747 0.044529211 0.008532522 0.998948812
1786799285680411392.000000 -0.103479259 0.065417551 1.061627507 -0.008740922 0.044844896 0.007057444 0.998930812
1786799285880382976.000000 -0.102941573 0.065739140 1.067716241 -0.009133683 0.046203788 0.006423775 0.998869658
1786799285946924288.000000 -0.102342397 0.065224126 1.069275260 -0.008996236 0.046564639 0.006512819 0.998853564
1786799286080243456.000000 -0.101839699 0.064466581 1.074251294 -0.008824726 0.047567509 0.006037764 0.998810828
1786799286313702400.000000 -0.099730782 0.065221123 1.080919743 -0.006331370 0.049254160 0.005861403 0.998749018
1786799286546885376.000000 -0.098515473 0.065102577 1.090860486 -0.005782120 0.050737485 0.004944601 0.998683095
1786799286580288768.000000 -0.098159179 0.065046608 1.092086315 -0.006045868 0.050795045 0.004652007 0.998679996
1786799286613583360.000000 -0.097885609 0.065070465 1.092680573 -0.006118503 0.050818637 0.004802907 0.998677611
1786799286780178432.000000 -0.095457025 0.065911420 1.098803639 -0.007168662 0.050503161 0.005072676 0.998685300
1786799286813640960.000000 -0.094833463 0.065993339 1.099746346 -0.007658609 0.050303366 0.004861558 0.998692751
1786799287046945024.000000 -0.092988953 0.066074096 1.106950402 -0.008781468 0.049408581 0.004505775 0.998729885
1786799287413802240.000000 -0.088128239 0.065863080 1.117437601 -0.006831469 0.046486240 0.003381864 0.998889923
1786799287447060992.000000 -0.088300921 0.065479331 1.118254066 -0.006733253 0.046587154 0.002974586 0.998887122
1786799287547009280.000000 -0.087224901 0.065834932 1.120338082 -0.006102168 0.046098847 0.002906539 0.998914063
1786799287580303872.000000 -0.086368702 0.065918371 1.121650934 -0.006012969 0.045658037 0.002921722 0.998934805
1786799287646946816.000000 -0.085677058 0.065998279 1.124000430 -0.006071347 0.045275938 0.002543536 0.998952866
1786799287880397056.000000 -0.082416661 0.066415563 1.130273700 -0.006963897 0.044955432 0.002870700 0.998960674
1786799287947025408.000000 -0.081985720 0.066335775 1.132593155 -0.007857108 0.045174729 0.002846506 0.998944223
1786799288013724416.000000 -0.080114260 0.066740863 1.135095835 -0.008253709 0.045201197 0.003271240 0.998938501
1786799288046985216.000000 -0.079730362 0.066894703 1.135844469 -0.008504173 0.045316178 0.003146673 0.998931587
1786799288080292864.000000 -0.078884341 0.066802144 1.137077928 -0.008903576 0.045457792 0.003497291 0.998920500
1786799288146936832.000000 -0.078084350 0.066918992 1.138557673 -0.009177828 0.045772299 0.003461552 0.998903751
1786799288213756416.000000 -0.077111751 0.067325309 1.141055822 -0.009268199 0.046288494 0.003239266 0.998879910
1786799288246947328.000000 -0.076709978 0.067055330 1.141556144 -0.009402521 0.046391699 0.002974406 0.998874724
1786799288713632000.000000 -0.068828389 0.067969836 1.154814720 -0.006745060 0.049431182 0.001623037 0.998753488
1786799288980360960.000000 -0.064790361 0.068393990 1.161617279 -0.006561887 0.050411899 0.001818016 0.998705328
1786799289013710848.000000 -0.064357564 0.068298392 1.162547112 -0.006819262 0.050370604 0.001703159 0.998705924
1786799289213711872.000000 -0.061991077 0.068920471 1.168214202 -0.008244440 0.050626494 0.002678589 0.998680115
1786799289313678336.000000 -0.061074864 0.068923421 1.170586109 -0.008935582 0.050504614 0.002856447 0.998679817
1786799289346985216.000000 -0.060309596 0.068765104 1.171635985 -0.009251747 0.050150376 0.003057721 0.998694122
1786799289413634048.000000 -0.059719775 0.069091082 1.173949480 -0.009175201 0.049850620 0.002930010 0.998710275
1786799289480343040.000000 -0.058232803 0.068983436 1.175507784 -0.009143384 0.049030881 0.002876722 0.998751283
1786799290730326272.000000 -0.043090545 0.069298014 1.210858703 -0.009328704 0.046996072 0.002766829 0.998847723
1786799291113799936.000000 -0.038995832 0.068990365 1.221202254 -0.007047416 0.049536582 0.002211606 0.998745084
1786799291147018240.000000 -0.038485091 0.068676047 1.221897483 -0.007054888 0.049732044 0.001864343 0.998735964
1786799291247014912.000000 -0.037328120 0.068499044 1.224479437 -0.006814563 0.050026540 0.002053637 0.998722613
1786799291330454016.000000 -0.036259416 0.069043025 1.227769136 -0.006800523 0.050229274 0.001948012 0.998712659
1786799291430324992.000000 -0.035317264 0.068760037 1.230988741 -0.007507390 0.050477404 0.002206814 0.998694599
1786799291463767040.000000 -0.034803014 0.069045939 1.231854916 -0.007602795 0.050397784 0.002501721 0.998697162
1786799291897136896.000000 -0.031377904 0.070086762 1.244365811 -0.009286760 0.048744548 0.002924375 0.998763859
1786799292080417280.000000 -0.030678369 0.070497461 1.250567555 -0.007982100 0.047930695 0.002406570 0.998815894
1786799292113800960.000000 -0.030545995 0.069939956 1.251497269 -0.008070526 0.047641661 0.002300550 0.998829246
1786799292330444032.000000 -0.028661244 0.069964088 1.257808447 -0.006661139 0.045978125 0.002221973 0.998917758
1786799292430413312.000000 -0.028027764 0.070077121 1.260986924 -0.006451667 0.045510329 0.002089509 0.998940885
1786799292563787264.000000 -0.027525896 0.071009971 1.264452577 -0.005878491 0.045321327 0.002320984 0.998952508
1786799292647074304.000000 -0.026902713 0.070553765 1.267218351 -0.006718121 0.045169428 0.002366743 0.998953998
1786799292863840000.000000 -0.025345661 0.071147911 1.274317384 -0.008694181 0.045536537 0.002925423 0.998920560
1786799292913744896.000000 -0.024951547 0.071010880 1.275848031 -0.009139806 0.045730975 0.003038700 0.998907387
1786799292947096064.000000 -0.024514753 0.071408786 1.276633143 -0.009010122 0.045838136 0.003142656 0.998903394
1786799293130362368.000000 -0.023603128 0.070977151 1.282734513 -0.008796510 0.047400422 0.003004190 0.998832703
1786799293647220992.000000 -0.020444617 0.070887953 1.299860477 -0.005377829 0.050854661 0.002686291 0.998687983
1786799293897267456.000000 -0.019186372 0.071787588 1.308246374 -0.006466267 0.051229320 0.003087523 0.998661220
1786799293930447104.000000 -0.018658523 0.071453273 1.309446573 -0.007127469 0.050953701 0.003149445 0.998670638
1786799294213850368.000000 -0.017875582 0.071812868 1.319186449 -0.008661926 0.049519803 0.003344122 0.998730004
1786799294280406272.000000 -0.017505072 0.071867727 1.321784854 -0.008437573 0.048850212 0.003352577 0.998764932
1786799294347147264.000000 -0.017278463 0.071921803 1.324167013 -0.007925241 0.048261635 0.003454468 0.998797357
1786799294380478976.000000 -0.017353829 0.071847774 1.325384140 -0.007634965 0.048149552 0.003228512 0.998805761
1786799295180506880.000000 -0.014946942 0.072941259 1.353543401 -0.007545541 0.045019016 0.003438815 0.998951733
1786799295213829888.000000 -0.014936632 0.073281802 1.354586005 -0.007651040 0.045268595 0.003474866 0.998939574
1786799295547155200.000000 -0.013671647 0.073528104 1.365882397 -0.006922794 0.047987204 0.003492305 0.998817921
1786799295647130368.000000 -0.012878918 0.072910637 1.369926572 -0.006342498 0.048624311 0.003491615 0.998790920
1786799295730524928.000000 -0.012475244 0.072781652 1.372717381 -0.005565012 0.049232140 0.003495704 0.998765767
1786799295830600960.000000 -0.012810981 0.072892800 1.376380205 -0.004686408 0.050091431 0.002453068 0.998730659
1786799295980590080.000000 -0.013679439 0.073158570 1.381793737 -0.003867380 0.051217180 0.000996028 0.998679578
1786799296013735936.000000 -0.013613545 0.073145576 1.383187652 -0.003988449 0.051187608 0.001019708 0.998680592
1786799296047156992.000000 -0.013927439 0.072852679 1.384203076 -0.004274615 0.051337365 0.000984083 0.998671710
1786799296480482048.000000 -0.019296706 0.073642917 1.400772929 -0.008202172 0.050107718 0.001003384 0.998709619
1786799296730485248.000000 -0.024554662 0.073523231 1.409549475 -0.007895515 0.048488434 0.002985362 0.998788118
1786799296913826816.000000 -0.028406225 0.073771305 1.415752053 -0.006700046 0.046905823 0.004467691 0.998866856
1786799297313846016.000000 -0.038015701 0.074055918 1.429903984 -0.007022452 0.045055900 0.005469122 0.998944819
1786799297447217920.000000 -0.041041758 0.074501358 1.434414744 -0.008043391 0.044877995 0.004787392 0.998948634
1786799297580528896.000000 -0.043864522 0.074242108 1.438805103 -0.009373831 0.045280211 0.004520013 0.998920202
1786799297880620288.000000 -0.051442947 0.073906735 1.449621439 -0.006353185 0.047271285 0.003794705 0.998854697
1786799298330586880.000000 -0.062449884 0.074545890 1.464955926 -0.005077294 0.050535344 0.008154389 0.998676121
1786799298363870976.000000 -0.063277058 0.074643299 1.466117263 -0.005043333 0.050814930 0.008553689 0.998658776
1786799298447132416.000000 -0.064260006 0.074753895 1.468515992 -0.005191549 0.050901245 0.009507857 0.998644948
1786799298513854976.000000 -0.065186165 0.074974403 1.471034169 -0.005481341 0.051122770 0.009856437 0.998628736
1786799299063847936.000000 -0.071170717 0.075523756 1.487023234 -0.008290322 0.049185190 0.008710873 0.998717308
1786799299247160320.000000 -0.070972010 0.075016692 1.492352962 -0.007767629 0.047169521 0.008782923 0.998818159
1786799299280615424.000000 -0.071289681 0.075018689 1.492798448 -0.007470143 0.047146659 0.008689229 0.998822331
1786799299363842304.000000 -0.072235093 0.074576244 1.495609403 -0.007337930 0.046865463 0.008248606 0.998840213
1786799299447216384.000000 -0.072069630 0.075371444 1.498512149 -0.006497145 0.046338882 0.007982430 0.998872757
1786799299630554880.000000 -0.072318427 0.075588919 1.503897429 -0.006071104 0.045667194 0.007063383 0.998913288
1786799299980762368.000000 -0.070149101 0.076192103 1.515524745 -0.008851518 0.045337521 0.005872119 0.998915255
1786799300047218944.000000 -0.069659673 0.076185286 1.517785311 -0.009477711 0.045725498 0.005737663 0.998892665
1786799300080524800.000000 -0.069380097 0.076305762 1.518821716 -0.009564450 0.045899257 0.005624703 0.998884439
1786799300113831936.000000 -0.068703845 0.076284863 1.519992828 -0.009612476 0.045868903 0.005541053 0.998885870
1786799300180564224.000000 -0.068405308 0.076347016 1.521729350 -0.009399899 0.046551850 0.005405030 0.998857081
1786799300230608896.000000 -0.067532539 0.076336533 1.523449302 -0.009160073 0.046514317 0.005120965 0.998862505
1786799300563958272.000000 -0.064274922 0.076273508 1.534200191 -0.006223599 0.049273368 0.004179649 0.998757184
1786799300913913856.000000 -0.060418416 0.076776162 1.545353770 -0.005601087 0.050964717 0.003480500 0.998678684
1786799301113884928.000000 -0.058023881 0.077318810 1.551313400 -0.007400357 0.050639488 0.003912360 0.998681962
1786799301280585984.000000 -0.056516312 0.077766053 1.556236386 -0.008427954 0.050113555 0.003928820 0.998700261
1786799301380718336.000000 -0.055786107 0.077927135 1.559190392 -0.008364753 0.049511764 0.003540122 0.998732269
1786799301447223296.000000 -0.054812301 0.077810831 1.560861468 -0.008123551 0.048757363 0.003310717 0.998772144
1786799301480550400.000000 -0.054634258 0.077741034 1.562042356 -0.008062774 0.048621297 0.003233167 0.998779535
1786799301580739328.000000 -0.053890299 0.077691063 1.564994216 -0.007434446 0.047929939 0.002757612 0.998819232
1786799301680569856.000000 -0.052920107 0.078058220 1.567907214 -0.006550854 0.047219425 0.002524899 0.998859882
1786799301913871360.000000 -0.050461918 0.077680320 1.574772120 -0.005925251 0.045805860 0.002083387 0.998930633
1786799302480787968.000000 -0.044741400 0.078366213 1.591637254 -0.009194291 0.046421278 0.002720567 0.998875976
1786799302514054400.000000 -0.044198193 0.078262746 1.592636108 -0.009386656 0.046545301 0.002686455 0.998868525
1786799302547243008.000000 -0.043678012 0.078076169 1.593661308 -0.009435705 0.046732053 0.002678787 0.998859346
1786799302747372032.000000 -0.040915757 0.078214288 1.599051476 -0.008252205 0.047850642 0.002377774 0.998817623
1786799303113900288.000000 -0.037143372 0.077576995 1.609743953 -0.006443258 0.050429709 0.001818019 0.998705208
1786799303280705280.000000 -0.034987435 0.078026764 1.614620090 -0.006347333 0.050839316 0.002242723 0.998684227
1786799303313939968.000000 -0.035100933 0.077810876 1.615938187 -0.006755608 0.051138654 0.002150152 0.998666406
1786799303580732416.000000 -0.032597948 0.078796491 1.623673916 -0.008610751 0.050684392 0.002952087 0.998673260
1786799303613955328.000000 -0.032490119 0.078223504 1.625110388 -0.009301335 0.050463535 0.002895400 0.998678446
1786799303780667392.000000 -0.031111026 0.078504018 1.629928827 -0.009157974 0.049230296 0.002746841 0.998741746
1786799304013939200.000000 -0.029841859 0.078625515 1.636736393 -0.007367180 0.047619157 0.002306094 0.998835802
1786799304080587264.000000 -0.029298464 0.077612646 1.639206648 -0.007648488 0.047270667 0.002490887 0.998849750
1786799304213981184.000000 -0.028171455 0.077883318 1.643273234 -0.006737420 0.046245430 0.002424261 0.998904526
1786799304247322368.000000 -0.028326392 0.077935427 1.644145250 -0.006591200 0.046312135 0.002473354 0.998902202
1786799304447295232.000000 -0.026524631 0.078489833 1.650462508 -0.006174635 0.045041263 0.002554599 0.998962820
1786799304547253248.000000 -0.026269047 0.078613080 1.653886199 -0.006844104 0.044999696 0.002574223 0.998960257
1786799304580652288.000000 -0.025627853 0.078808084 1.654700875 -0.007044779 0.044748005 0.002610908 0.998970091
1786799305014008320.000000 -0.022192892 0.080007367 1.668107748 -0.008824558 0.046753272 0.003392732 0.998861790
1786799305147353856.000000 -0.021237532 0.079862632 1.672690153 -0.007941028 0.047738928 0.003056173 0.998823643
1786799305280670208.000000 -0.020128936 0.080213688 1.676771522 -0.006653276 0.048684042 0.003270243 0.998786747
1786799305380590848.000000 -0.020338507 0.080085389 1.680302262 -0.006128684 0.049821146 0.002899358 0.998735130
1786799305480717056.000000 -0.020280577 0.080262646 1.683627248 -0.005610660 0.050637171 0.002785103 0.998697519
1786799305613939968.000000 -0.020642610 0.080608241 1.688016295 -0.005421151 0.051873129 0.002680237 0.998635411
1786799305647286272.000000 -0.020744029 0.080602609 1.688616514 -0.005406065 0.052117221 0.002604466 0.998622954
1786799305680677888.000000 -0.020907467 0.080617167 1.690048456 -0.005694528 0.052408990 0.002694666 0.998605847
1786799305880683776.000000 -0.021185795 0.081289411 1.696232319 -0.007204439 0.052806854 0.002276637 0.998576164
1786799305913972224.000000 -0.017415298 0.080622047 1.698136210 -0.008236351 0.050724797 0.003320157 0.998673201
1786799305947356928.000000 -0.017651320 0.080498114 1.699090958 -0.008635215 0.050756667 0.003353703 0.998668075
1786799306280685312.000000 -0.018073721 0.081409797 1.710764647 -0.007306865 0.049089741 0.002999502 0.998763144
1786799306547368960.000000 -0.015688976 0.079456307 1.720145822 -0.006267445 0.045836441 0.003016839 0.998924792
1786799306947417856.000000 -0.015290057 0.080840029 1.734100699 -0.005616557 0.044731181 0.003270773 0.998977900
1786799306980715008.000000 -0.015400719 0.080880001 1.735400796 -0.006070906 0.044874433 0.003251111 0.998968899
1786799307080718336.000000 -0.014625405 0.080963984 1.739015937 -0.007547982 0.044970106 0.003605681 0.998953342
1786799307213979904.000000 -0.014265129 0.081082515 1.743463397 -0.008727565 0.045768920 0.003471211 0.998907924
1786799307247444992.000000 -0.014076124 0.081319906 1.744777322 -0.008638798 0.046014745 0.003538517 0.998897195
1786799307313970944.000000 -0.013804880 0.081525147 1.747215629 -0.008462681 0.046535868 0.003498028 0.998874724
1786799307347380992.000000 -0.014033530 0.081615098 1.748344064 -0.008250319 0.047124580 0.003532500 0.998848736
1786799307413947392.000000 -0.013472299 0.081155062 1.750968575 -0.008188415 0.047539528 0.003600103 0.998829305
1786799307480654848.000000 -0.012952546 0.081660196 1.753129959 -0.007170257 0.047928441 0.003541224 0.998818755
1786799307613998848.000000 -0.012302332 0.081765093 1.757931352 -0.005700982 0.049111076 0.003485577 0.998771012
1786799307947510272.000000 -0.010913584 0.082031116 1.770017385 -0.004022480 0.051427349 0.003486527 0.998662591
1786799308180710912.000000 -0.009752106 0.082307696 1.778491259 -0.006120342 0.051509753 0.003919580 0.998646080
1786799308247389952.000000 -0.010185422 0.083088256 1.780599833 -0.006604245 0.051643170 0.003672405 0.998637080
1786799308280740864.000000 -0.010100013 0.083309367 1.781895399 -0.006996940 0.051459186 0.003763712 0.998643517
1786799308314053888.000000 -0.010190140 0.083397806 1.783160925 -0.007270739 0.051449768 0.003811513 0.998641849
1786799308530801920.000000 -0.010204776 0.083195671 1.790699124 -0.007919683 0.049918666 0.003695561 0.998715043
1786799308580779008.000000 -0.009686026 0.083072990 1.792349577 -0.007653897 0.049164463 0.003782204 0.998754203
1786799308880775936.000000 -0.009685797 0.083288923 1.802956343 -0.004666641 0.046689663 0.003732350 0.998891592
1786799308914081024.000000 -0.009280593 0.083304666 1.804007530 -0.004355646 0.046083834 0.003836096 0.998920739
1786799308980686848.000000 -0.008473399 0.083452925 1.806356907 -0.003782419 0.045202650 0.004024411 0.998962581
1786799309114036992.000000 -0.006822840 0.083687834 1.810893297 -0.003229628 0.043593481 0.004206508 0.999035358
1786799309214020864.000000 -0.008356855 0.083020307 1.815457821 -0.004268181 0.044314370 0.003833012 0.999001205
1786799309247373056.000000 -0.007948165 0.083089083 1.816674829 -0.004560969 0.044019032 0.003860317 0.999012887
1786799309514085376.000000 -0.004689738 0.083609089 1.825629711 -0.007659364 0.043200295 0.004421560 0.999027312
1786799309547479040.000000 -0.004117113 0.083742470 1.827067375 -0.007992050 0.043170407 0.004290575 0.999026597
1786799309647447040.000000 -0.006124113 0.084205009 1.830838323 -0.007966264 0.045516185 0.004087193 0.998923540
1786799309680713216.000000 -0.005571510 0.084298216 1.832249522 -0.007822496 0.045606520 0.004087240 0.998920500
1786799309880743936.000000 -0.007391997 0.083877429 1.839921117 -0.006384805 0.049118463 0.003387786 0.998766840
1786799309947417856.000000 -0.006062535 0.083993509 1.841714859 -0.005519423 0.049134046 0.003813157 0.998769701
1786799309980849920.000000 -0.006527245 0.083583772 1.842647433 -0.005338856 0.049748469 0.003636294 0.998740911
1786799310114095872.000000 -0.006157632 0.083192699 1.847442985 -0.004372291 0.051041253 0.003502053 0.998680890
1786799310214059008.000000 -0.005026568 0.083309062 1.850964189 -0.003740365 0.051348764 0.003606300 0.998667300
1786799310247421952.000000 -0.004590392 0.083621770 1.852834940 -0.003527349 0.051444612 0.003737468 0.998662651
1786799310280796416.000000 -0.004505845 0.083327740 1.854179502 -0.003710618 0.051724993 0.003747117 0.998647451
1786799310347464448.000000 -0.004357610 0.083531410 1.856464267 -0.003617884 0.052139334 0.003754327 0.998626232
1786799310480730368.000000 -0.003872226 0.084488258 1.861121058 -0.003983172 0.052264556 0.003532834 0.998619139
1786799311080734976.000000 -0.002347727 0.084804498 1.882963419 -0.005560899 0.048019055 0.003773804 0.998823822
1786799311380727040.000000 -0.001603909 0.083893336 1.893578649 -0.003635616 0.045199465 0.003519722 0.998965204
1786799311447446016.000000 -0.001591214 0.083958037 1.896727920 -0.003405705 0.044894680 0.003497113 0.998979807
1786799311614157824.000000 -0.001070583 0.084113918 1.902631044 -0.004013978 0.044229407 0.003560708 0.999007046
1786799311647435776.000000 -0.001100792 0.084287673 1.903848886 -0.004265249 0.044189360 0.003553964 0.999007761
1786799311680730112.000000 -0.001128540 0.084612906 1.905157328 -0.004471051 0.044307940 0.003530200 0.999001741
1786799311747437312.000000 -0.001491514 0.084831581 1.907348990 -0.005377773 0.044786073 0.003438895 0.998976171
1786799311914183168.000000 -0.000157394 0.085223265 1.913442254 -0.007595169 0.045221791 0.003582274 0.998941660
1786799311947462912.000000 0.000492856 0.085710742 1.914641500 -0.007594885 0.045199167 0.003705231 0.998942256
1786799311980761344.000000 0.000232597 0.085933566 1.916200161 -0.007611200 0.045772169 0.003681242 0.998916149
1786799312014109184.000000 0.000535824 0.085886896 1.917287588 -0.007674461 0.045964748 0.003647977 0.998906970
1786799312180831232.000000 0.000978217 0.085820280 1.922782898 -0.006791459 0.048006073 0.003799241 0.998816788
1786799312280803840.000000 0.001805181 0.085842907 1.926515341 -0.005788282 0.048707906 0.003527735 0.998790085
1786799312314124032.000000 0.001809180 0.085509762 1.927534580 -0.005731640 0.049129155 0.003379443 0.998770297
1786799312347472896.000000 0.001587197 0.085044228 1.928818822 -0.005644964 0.049649760 0.003232959 0.998745620
1786799312414108160.000000 0.002573477 0.085652709 1.931527734 -0.004717260 0.049941864 0.003430312 0.998735130
1786799312447483904.000000 0.002573567 0.085604087 1.932966352 -0.004610417 0.050525166 0.003429206 0.998706281
1786799312514151936.000000 0.002587468 0.085966028 1.934794426 -0.003898324 0.051261991 0.003485680 0.998671532
1786799312980849152.000000 0.005542973 0.087065123 1.951728582 -0.006109797 0.052085798 0.003806592 0.998616695
1786799313147489024.000000 0.005673978 0.087464377 1.958258510 -0.007776524 0.051219944 0.003768170 0.998650014
1786799313180877824.000000 0.005605618 0.087076753 1.958942056 -0.008032933 0.051069580 0.003906738 0.998655200
1786799313214169856.000000 0.006101651 0.087103955 1.959919214 -0.007933939 0.050463691 0.003883109 0.998686850
1786799313414148096.000000 0.006706183 0.087263457 1.967397451 -0.006340720 0.048340555 0.003854024 0.998803377
1786799313447453952.000000 0.007048170 0.087275058 1.968536377 -0.005991870 0.047826529 0.003899641 0.998830140
1786799313547522048.000000 0.007455152 0.087058403 1.972192645 -0.005043958 0.046639021 0.003804988 0.998891890
1786799313580971008.000000 0.007730471 0.086760066 1.973260164 -0.004802634 0.046333119 0.004099602 0.998906076
1786799313647495936.000000 0.007710795 0.086775176 1.975290656 -0.004096491 0.045764983 0.003913088 0.998936176
1786799313714153984.000000 0.007279322 0.087026373 1.978080869 -0.003415163 0.045578338 0.003630599 0.998948336
1786799313780838912.000000 0.007471689 0.087124698 1.980466008 -0.003017154 0.045046866 0.003713570 0.998973429
1786799313914156288.000000 0.007641297 0.087377936 1.985327959 -0.002940824 0.044458605 0.003605592 0.999000430
1786799314314198016.000000 0.009344766 0.087755471 2.000074387 -0.007652998 0.045149233 0.003831411 0.998943567
1786799314380912896.000000 0.009947119 0.087928362 2.002318859 -0.007732394 0.045528561 0.003911514 0.998925447
1786799314480921344.000000 0.010294030 0.087688819 2.006134272 -0.007554968 0.046653029 0.003868765 0.998875082
1786799314514147328.000000 0.010377061 0.087580413 2.007474184 -0.007367805 0.047072586 0.003834527 0.998856962
1786799314580819200.000000 0.010875553 0.088067271 2.009433508 -0.006419383 0.047536384 0.003744304 0.998841882
1786799314614257408.000000 0.011226358 0.087637857 2.011207342 -0.006372382 0.047935139 0.003942133 0.998822391
1786799314780827904.000000 0.011734136 0.087668583 2.017418623 -0.004605566 0.049792729 0.003726863 0.998741984
1786799314847505920.000000 0.012052692 0.087522015 2.019873381 -0.004224949 0.050396319 0.003777297 0.998713195
1786799314947462400.000000 0.012843002 0.087231778 2.023142099 -0.003770304 0.050939992 0.003905745 0.998686969
1786799315014293248.000000 0.013460431 0.087666310 2.025460005 -0.003231432 0.051169101 0.003871745 0.998677313
1786799315247531776.000000 0.014060697 0.087987445 2.034065008 -0.004515048 0.052185982 0.003968717 0.998619318
1786799315480860928.000000 0.014744027 0.089099117 2.042554140 -0.007225624 0.051138930 0.003945791 0.998657644
1786799315514134272.000000 0.014649046 0.088722885 2.043983698 -0.007746707 0.050959997 0.003908296 0.998663068
1786799315880865024.000000 0.014900187 0.089017250 2.056988478 -0.005306099 0.047663365 0.003585921 0.998842955
1786799315947560960.000000 0.015201480 0.089062311 2.059454441 -0.004575966 0.046946686 0.003698601 0.998880088
1786799316080874240.000000 0.015243536 0.089089222 2.064050913 -0.003574151 0.045927282 0.003400946 0.998932660
1786799316114198272.000000 0.015404504 0.089094006 2.065317154 -0.003347206 0.045492772 0.003389610 0.998953342
1786799316147481088.000000 0.015181045 0.089406520 2.066371202 -0.002995672 0.045493878 0.003246756 0.998954892
1786799316347606272.000000 0.015735004 0.089273170 2.073964596 -0.003573368 0.044567022 0.003488965 0.998993933
1786799316480926976.000000 0.016539892 0.089251377 2.079322100 -0.005264200 0.044319328 0.003727050 0.998996615
1786799316547599360.000000 0.016674595 0.089774907 2.081650496 -0.006039100 0.044536069 0.003704647 0.998982668
1786799316680953856.000000 0.016974028 0.090067975 2.085628033 -0.007313626 0.045593977 0.003641612 0.998926699
1786799316714180864.000000 0.017395560 0.089718305 2.087339163 -0.007920264 0.045661461 0.003694952 0.998918772
1786799316780816384.000000 0.017538723 0.089396358 2.089961052 -0.008135792 0.046485744 0.003707149 0.998879015
1786799316814189824.000000 0.017973434 0.089348279 2.091038227 -0.008085540 0.046644758 0.003712235 0.998871982
1786799316914227968.000000 0.018286593 0.089457683 2.094168901 -0.007148558 0.047788098 0.003590153 0.998825490
1786799317114247424.000000 0.019875325 0.089776814 2.101749897 -0.004964792 0.049388662 0.003686156 0.998760521
1786799317180892928.000000 0.019873094 0.089372352 2.103950977 -0.004614402 0.050252032 0.003613468 0.998719394
1786799317347613952.000000 0.021137588 0.089955702 2.110327482 -0.003327162 0.051380940 0.003778509 0.998666465
1786799317380866048.000000 0.021043647 0.089686856 2.111361027 -0.003451625 0.051530000 0.003301554 0.998660028
1786799317414204160.000000 0.021502893 0.090046614 2.112457752 -0.003178708 0.051770978 0.003674373 0.998647153
1786799317580929024.000000 0.022205990 0.089727603 2.118424892 -0.004369480 0.052371845 0.003671933 0.998611331
1786799317614212352.000000 0.022250295 0.090066157 2.119477749 -0.004487664 0.052442525 0.003704601 0.998607039
1786799317880999424.000000 0.023025870 0.090671271 2.129374743 -0.008110056 0.051281422 0.003991852 0.998643339
1786799317980860928.000000 0.023511402 0.091381997 2.133090496 -0.008476504 0.050179340 0.004070615 0.998696029
1786799318014273792.000000 0.023543192 0.091943078 2.134368896 -0.008212101 0.049910050 0.004053918 0.998711765
1786799318047658240.000000 0.023626862 0.091668680 2.135530710 -0.008359099 0.049610700 0.004130082 0.998725176
1786799318080924928.000000 0.023423007 0.091590129 2.136633158 -0.008340146 0.049404509 0.004201659 0.998735189
1786799318280857088.000000 0.023694923 0.091556184 2.143859386 -0.006246067 0.047217414 0.003888018 0.998857558
1786799318447642368.000000 0.024051918 0.091278814 2.149866819 -0.004534792 0.045722120 0.003763502 0.998936832
1786799318580904960.000000 0.024124933 0.091022156 2.155143023 -0.003879152 0.045154411 0.003825330 0.998965204
1786799318614226432.000000 0.024459792 0.090935007 2.156399250 -0.003858557 0.044648524 0.003769634 0.998988211
1786799318881010944.000000 0.025293125 0.091475382 2.165862799 -0.005312565 0.044175472 0.003786778 0.999002516
1786799318914273024.000000 0.025041167 0.091627322 2.167334080 -0.005854721 0.044541258 0.003924026 0.998982728
1786799318947518464.000000 0.025301814 0.091508374 2.168035984 -0.006343771 0.044558924 0.003881666 0.998979151
1786799319114306816.000000 0.026524814 0.092429586 2.174382687 -0.007141094 0.045624953 0.004166305 0.998924434
1786799319280921856.000000 0.027243117 0.092175521 2.180207014 -0.006511012 0.047219310 0.003901683 0.998855710
1786799319314262272.000000 0.027281256 0.091717489 2.181707859 -0.006515077 0.047582146 0.003783996 0.998838961
1786799319380944896.000000 0.027451959 0.091760613 2.183854818 -0.005848506 0.048421212 0.003960718 0.998802066
1786799319480970240.000000 0.028855432 0.091933355 2.187222958 -0.004619936 0.048897814 0.004048002 0.998784959
1786799320147734272.000000 0.031085335 0.092689119 2.211518288 -0.006611343 0.051984962 0.003830926 0.998618662
1786799320180911360.000000 0.031134823 0.092437893 2.212717772 -0.007259364 0.051852413 0.003929203 0.998620689
1786799320214320896.000000 0.031404413 0.092651188 2.213760853 -0.007427413 0.051437922 0.003969556 0.998640776
1786799320247580416.000000 0.031613059 0.092363119 2.214810848 -0.007880680 0.051137634 0.004072488 0.998652279
1786799320380876032.000000 0.031135440 0.092735454 2.219957352 -0.007915234 0.050524488 0.004022822 0.998683333
1786799320447636224.000000 0.031039203 0.093615495 2.222387552 -0.006952152 0.049844898 0.003738846 0.998725832
1786799320514304256.000000 0.031443607 0.093453348 2.224969149 -0.006495143 0.048957329 0.003850244 0.998772383
1786799320614532352.000000 0.031540766 0.093404114 2.228288174 -0.005417357 0.048128739 0.003973370 0.998818636
1786799320781021952.000000 0.031865634 0.093668610 2.234395504 -0.003680176 0.046415973 0.003802859 0.998908162
1786799320814307840.000000 0.031850312 0.093552992 2.235783339 -0.003572523 0.046152458 0.003665141 0.998921335
1786799320847574272.000000 0.031960752 0.093444213 2.236940384 -0.003502578 0.045842402 0.003596132 0.998936117
1786799321014341120.000000 0.033003245 0.093721546 2.243325233 -0.002997436 0.044405859 0.003807253 0.999001801
1786799321114285312.000000 0.033482563 0.093786217 2.246540070 -0.003441322 0.043942504 0.003899785 0.999020517
1786799321147650304.000000 0.032969661 0.094162554 2.247736454 -0.003435371 0.044202577 0.003712693 0.999009848
1786799321447598848.000000 0.034820054 0.094637685 2.258185387 -0.007271654 0.044864181 0.004105095 0.998958290
1786799321580964096.000000 0.035563152 0.094857983 2.263339758 -0.007182792 0.046132434 0.004089855 0.998901188
1786799321614315008.000000 0.035426360 0.094826475 2.264406681 -0.006938728 0.046783574 0.004125342 0.998872459
1786799321647735040.000000 0.036260605 0.094956428 2.265913010 -0.006602023 0.046676159 0.004065295 0.998879969
1786799321747608064.000000 0.036566392 0.094590478 2.269527197 -0.005941505 0.047887396 0.004042042 0.998826921
1786799321914285056.000000 0.037557948 0.094285637 2.275066137 -0.004411991 0.049356073 0.004026680 0.998763382
1786799322347651328.000000 0.039770976 0.094542272 2.291156530 -0.003742731 0.051994886 0.004164747 0.998631656
1786799322481022208.000000 0.040196892 0.095055163 2.295868874 -0.005500909 0.051922143 0.004251932 0.998626947
1786799323114369280.000000 0.041191798 0.095523290 2.318863392 -0.004072243 0.046399910 0.004003248 0.998906612
1786799323231038976.000000 0.041435588 0.095453255 2.323190689 -0.003360688 0.045146089 0.003714182 0.998967826
1786799323281033984.000000 0.041709300 0.095641658 2.325551033 -0.003104776 0.044847444 0.003914570 0.998981357
1786799323481017088.000000 0.041757084 0.095380791 2.332422018 -0.003573469 0.044160355 0.003784510 0.999010980
1786799323530998272.000000 0.042657372 0.095403180 2.334472179 -0.004027867 0.043435238 0.003972795 0.999040246
1786799323580993792.000000 0.042404164 0.095708653 2.335952520 -0.004398570 0.043657634 0.003837080 0.999029577
1786799323614334464.000000 0.043159455 0.095686853 2.337266445 -0.004899298 0.043321729 0.004076499 0.999040842
1786799323964382208.000000 0.044487711 0.096796632 2.349757910 -0.007393275 0.045731172 0.004178398 0.998917699
1786799324080984064.000000 0.045230325 0.096502356 2.354149580 -0.006754267 0.047004122 0.004315657 0.998862565
1786799324714343424.000000 0.047414448 0.096241191 2.377066851 -0.003939931 0.052154265 0.003791880 0.998624086
1786799324847803392.000000 0.048415836 0.096669793 2.382361412 -0.005787157 0.051758852 0.004006969 0.998634875
1786799325031109376.000000 0.048490684 0.096902572 2.388606310 -0.007717932 0.050880402 0.004144347 0.998666346
1786799325297726208.000000 0.048935257 0.097426094 2.397844791 -0.005973639 0.048316911 0.004026894 0.998806059
1786799325347717376.000000 0.048766620 0.097629242 2.399787664 -0.005291176 0.048044678 0.004169556 0.998822510
1786799325381034240.000000 0.048968643 0.097876444 2.401047468 -0.004730644 0.047538832 0.003973846 0.998850286
1786799325414392320.000000 0.049185701 0.097949609 2.402364016 -0.004237466 0.047157053 0.004091326 0.998870134
1786799325481004288.000000 0.049375091 0.097741708 2.404893875 -0.003890553 0.046502829 0.004078824 0.998902261
1786799325564424960.000000 0.049497172 0.098084278 2.407863379 -0.002977775 0.045706104 0.003969520 0.998942614
1786799325647715072.000000 0.049553409 0.098149851 2.410867453 -0.002534679 0.045139160 0.003803074 0.998970270
1786799325681068288.000000 0.049222145 0.097465627 2.412366867 -0.002954489 0.045118418 0.003611260 0.998970747
1786799325747706880.000000 0.049911022 0.097647592 2.414210558 -0.002714308 0.044383947 0.003623084 0.999004304
1786799325897846272.000000 0.051958948 0.097699113 2.419012547 -0.003297562 0.042866703 0.004247738 0.999066353
1786799325947757312.000000 0.052671939 0.097756892 2.420611382 -0.003860585 0.042405907 0.004363040 0.999083519
1786799325981082880.000000 0.053257335 0.097779542 2.422039986 -0.004515406 0.042304546 0.004604328 0.999083996
1786799326014387200.000000 0.053513635 0.097800553 2.422783136 -0.005016947 0.042312261 0.004666026 0.999080956
1786799326047771904.000000 0.053988170 0.097858585 2.423765898 -0.005478891 0.042172208 0.004651873 0.999084532
1786799326164439296.000000 0.051010229 0.098245494 2.429766417 -0.007471219 0.044910844 0.003922345 0.998955369
1786799326764466944.000000 0.054399673 0.098749921 2.451041937 -0.003741580 0.050450593 0.003781000 0.998712420
1786799326814395904.000000 0.052226570 0.099330530 2.453370094 -0.003196533 0.052635018 0.003056417 0.998604059
1786799326881088000.000000 0.047251478 0.098785147 2.457119226 -0.003485990 0.056844611 0.001768899 0.998375416
1786799326914416384.000000 0.046395380 0.098793216 2.458332539 -0.003429875 0.057802316 0.001590222 0.998320937
1786799326947751168.000000 0.046186075 0.098840959 2.459918261 -0.003378017 0.058286227 0.001314586 0.998293400
1786799327181083904.000000 0.054974299 0.098755054 2.466593266 -0.002990098 0.055400379 0.003576826 0.998453319
1786799327214534400.000000 0.056172173 0.098621570 2.467311144 -0.003096568 0.054659583 0.003623626 0.998493671
1786799327947761920.000000 0.057695445 0.099175043 2.493974209 -0.003952491 0.049110983 0.003745294 0.998778522
1786799328047806976.000000 0.058120999 0.099436380 2.497846365 -0.002648884 0.047531672 0.003857462 0.998858809
1786799328081074944.000000 0.058037486 0.099727303 2.498751640 -0.001995641 0.047046192 0.003876701 0.998883247
1786799328181144320.000000 0.058081843 0.099803902 2.502625227 -0.001192654 0.045709033 0.003666372 0.998947382
1786799328281161984.000000 0.058878433 0.099441253 2.505976439 -0.000908064 0.044054527 0.003696403 0.999021947
1786799328314470400.000000 0.059070315 0.099254154 2.507017612 -0.000952014 0.043665364 0.003712465 0.999038875
1786799328514482944.000000 0.058446079 0.099750750 2.514427900 -0.001001499 0.042755209 0.003334913 0.999079525
1786799328547797248.000000 0.058829889 0.099868067 2.515589237 -0.001256381 0.042471945 0.003496470 0.999090731
1786799328581080320.000000 0.059314881 0.099772952 2.516686201 -0.001754107 0.042083211 0.003729456 0.999105632
1786799328714471424.000000 0.058882613 0.100084059 2.521783590 -0.004217008 0.042898595 0.003399165 0.999064803
1786799328747772928.000000 0.059294499 0.099960193 2.523168802 -0.004989560 0.042839415 0.003703781 0.999062717
1786799328947806976.000000 0.059656523 0.100350790 2.530852556 -0.006863963 0.045283526 0.003487785 0.998944521
1786799329014451968.000000 0.060451411 0.100421943 2.533190012 -0.006581955 0.045945831 0.003761698 0.998915195
1786799329114532352.000000 0.060668834 0.100442730 2.536637306 -0.005728093 0.047335371 0.003400251 0.998856902
1786799329181104896.000000 0.061609920 0.100848548 2.538641453 -0.004619406 0.047872737 0.003533250 0.998836577
1786799329214539008.000000 0.062307671 0.100419976 2.540334940 -0.004624425 0.048000719 0.003651568 0.998829961
1786799329247845888.000000 0.062626548 0.100496501 2.541202068 -0.004172947 0.048325259 0.003668497 0.998816192
1786799329481115392.000000 0.063666888 0.100368783 2.549609661 -0.002074940 0.051517297 0.003610600 0.998663485
1786799329514720256.000000 0.063611247 0.100457743 2.550771713 -0.001854239 0.051995862 0.003546086 0.998639345
1786799329547857920.000000 0.063814536 0.100551650 2.552137375 -0.001661420 0.052316073 0.003546188 0.998622894
1786799329947849984.000000 0.066241227 0.101063125 2.566937923 -0.004847406 0.053412881 0.003966453 0.998552918
1786799330014499072.000000 0.066901207 0.102001980 2.569293976 -0.005440913 0.052749697 0.004046921 0.998584747
1786799330047881216.000000 0.066904329 0.102124713 2.570232391 -0.005872133 0.052438084 0.004051794 0.998598754
1786799330081162240.000000 0.066951916 0.102294460 2.571791410 -0.006225889 0.052162200 0.004106550 0.998610795
1786799330147883776.000000 0.066628873 0.102541752 2.574080229 -0.006500100 0.051806521 0.004103192 0.998627543
1786799330214433792.000000 0.067025930 0.102376953 2.576550245 -0.006635637 0.050789487 0.004015782 0.998679280
1786799330414546944.000000 0.067682050 0.101768486 2.583641529 -0.005260487 0.048280969 0.004137227 0.998811424
1786799330481199360.000000 0.067674331 0.102003053 2.585942507 -0.004300793 0.047449663 0.004090813 0.998856008
1786799330514507008.000000 0.068043984 0.101754189 2.587635517 -0.004414074 0.046983652 0.004109066 0.998877466
1786799330547860992.000000 0.067955352 0.101816669 2.588897705 -0.004029583 0.046755489 0.004139740 0.998889685
1786799330647778304.000000 0.067492507 0.102007523 2.592208147 -0.002813439 0.045969810 0.003903088 0.998931289
1786799331114619904.000000 0.065102719 0.102479994 2.607751131 -0.004380010 0.045598499 0.002600593 0.998946846
1786799331147911424.000000 0.069190644 0.102149308 2.610503674 -0.005837668 0.043282755 0.003515743 0.999039650
1786799331614543872.000000 0.071703285 0.101599507 2.626568317 -0.006741698 0.047552329 0.003875062 0.998838544
1786799331947885312.000000 0.073114641 0.101365179 2.639034986 -0.003760097 0.051254824 0.003678562 0.998671770
1786799332047857408.000000 0.073713005 0.101533987 2.642231226 -0.003412814 0.051804077 0.003812184 0.998644173
1786799332281257984.000000 0.074289858 0.101831898 2.651147842 -0.005094701 0.052893788 0.003854200 0.998579741
1786799332347842304.000000 0.074431799 0.102017388 2.653262377 -0.006163141 0.052696589 0.003789596 0.998584390
1786799332414538240.000000 0.074573547 0.102101386 2.655974627 -0.007506371 0.052563537 0.003894626 0.998581827
1786799332714497024.000000 0.075214081 0.103907160 2.666632891 -0.007296092 0.049852069 0.004055612 0.998721778
1786799332747844864.000000 0.075341307 0.103661478 2.667962313 -0.007381327 0.049423356 0.004101032 0.998742282
1786799332814574848.000000 0.075554781 0.103792511 2.670253515 -0.006577959 0.048513509 0.003900220 0.998793304
1786799332914629888.000000 0.075552523 0.103739843 2.674052000 -0.005554632 0.047551930 0.003894738 0.998845756
1786799333147891968.000000 0.075731292 0.104230702 2.682057142 -0.003412337 0.045550670 0.003739472 0.998949230
1786799333214721792.000000 0.076081216 0.104505084 2.684281111 -0.003069783 0.044955671 0.003757411 0.998977244
1786799333247908096.000000 0.075725749 0.104396947 2.685287714 -0.003149153 0.044998251 0.003580956 0.998975694
1786799333448022016.000000 0.076621301 0.104710072 2.692710161 -0.003611129 0.043920912 0.004185659 0.999019802
1786799333481265920.000000 0.077049442 0.104729295 2.693895817 -0.003945174 0.043895248 0.004468348 0.999018371
1786799333514585344.000000 0.076805912 0.104704350 2.695369005 -0.004477568 0.044172604 0.004595134 0.999003291
1786799333547902976.000000 0.076742589 0.104431786 2.696219683 -0.005126280 0.044387799 0.004735882 0.998990059
1786799333714531072.000000 0.077473201 0.105054908 2.702197075 -0.006607779 0.045427475 0.004788748 0.998934329
1786799333747855872.000000 0.077729419 0.105203770 2.703307867 -0.006611985 0.045675095 0.004592373 0.998923957
1786799333947879936.000000 0.078481607 0.105259888 2.710711002 -0.006009725 0.047883175 0.004323504 0.998825550
1786799334081264384.000000 0.079713121 0.105003953 2.715122461 -0.004909070 0.048918214 0.004364914 0.998781204
1786799334147828224.000000 0.079984099 0.105038553 2.717977047 -0.004337376 0.049634527 0.004363168 0.998748541
1786799334247931904.000000 0.080037251 0.105370983 2.721178532 -0.003176789 0.050934307 0.003915573 0.998689294
1786799334614547968.000000 0.081638344 0.105075322 2.734266520 -0.003670002 0.053247344 0.003900612 0.998567045
1786799334647870976.000000 0.082222074 0.106130257 2.735859871 -0.003343810 0.052986756 0.003924202 0.998581886
1786799335181249024.000000 0.083122499 0.107323833 2.754916906 -0.005512290 0.049315672 0.004038005 0.998759866
1786799335247991040.000000 0.083404444 0.107267678 2.757400513 -0.004775710 0.048522227 0.004140839 0.998802125
1786799335481241856.000000 0.083793946 0.106953017 2.765866041 -0.002965721 0.046247259 0.004043674 0.998917460
1786799335514630400.000000 0.083663590 0.106989168 2.767017365 -0.002774746 0.046107359 0.003974073 0.998924792
1786799335547922176.000000 0.083755277 0.106322400 2.768206120 -0.003176670 0.045718975 0.003977321 0.998941422
1786799335747879936.000000 0.084170707 0.106881842 2.775331736 -0.003077659 0.044580329 0.003851676 0.998993635
1786799335814579968.000000 0.084025674 0.106779665 2.778007030 -0.003851155 0.044791739 0.003825540 0.998981655
1786799335947934208.000000 0.084450051 0.107250690 2.782473326 -0.005686286 0.044845674 0.003771240 0.998970687
1786799335981303296.000000 0.084638365 0.107303210 2.783471584 -0.006248721 0.044979367 0.003824376 0.998961091
1786799336014607872.000000 0.084734738 0.107432172 2.784816742 -0.006768437 0.045139570 0.003857187 0.998950362
1786799336081257216.000000 0.084974922 0.107798889 2.787117481 -0.007404896 0.045574300 0.003702716 0.998926640
1786799336181263872.000000 0.085663006 0.108046457 2.791078329 -0.007701049 0.046291303 0.003932160 0.998890579
1786799336314665984.000000 0.086477257 0.108245894 2.795609951 -0.006808797 0.047730431 0.003971753 0.998829186
1786799336481276928.000000 0.087273918 0.107966967 2.801493168 -0.005357717 0.049437381 0.003952152 0.998755038
1786799336514648320.000000 0.087817922 0.107797466 2.802201509 -0.005081776 0.049475178 0.003955578 0.998754680
1786799336681415936.000000 0.088881180 0.107301272 2.808543444 -0.003968546 0.051044077 0.004164794 0.998679876
1786799336981271296.000000 0.090131544 0.108436026 2.819150448 -0.002972689 0.052868299 0.004032568 0.998588979
1786799337014676992.000000 0.090576731 0.108702287 2.820210218 -0.003010198 0.052765720 0.004212386 0.998593569
1786799337114656256.000000 0.090772592 0.108751021 2.823909760 -0.004411057 0.052927680 0.004297512 0.998579383
1786799337214579968.000000 0.091340192 0.108951293 2.827738762 -0.006042767 0.052361146 0.004414269 0.998600245
1786799337348027904.000000 0.091168806 0.109381594 2.832579851 -0.006930389 0.051716577 0.004303824 0.998628557
1786799337381374976.000000 0.091046646 0.109600283 2.833874226 -0.006836719 0.051646378 0.004354957 0.998632610
1786799337414699008.000000 0.090776771 0.109538801 2.835560560 -0.006856054 0.051542800 0.004273784 0.998638153
1786799337447889920.000000 0.090963244 0.109554373 2.836365223 -0.006710325 0.051045969 0.004228738 0.998664856
1786799337781268224.000000 0.090957761 0.109844208 2.848227978 -0.002972382 0.047857355 0.003478024 0.998843729
1786799337881288960.000000 0.091803417 0.109753743 2.851893425 -0.002272973 0.046419758 0.003618374 0.998912930
1786799337981270016.000000 0.091768123 0.110185146 2.855690718 -0.001365173 0.045960031 0.003544321 0.998936057
1786799338014579968.000000 0.092274904 0.110621929 2.856723070 -0.000886400 0.045466550 0.003698424 0.998958707
1786799338147980288.000000 0.092766747 0.109708235 2.861553192 -0.002130013 0.044517852 0.003354110 0.999000669
1786799338281327360.000000 0.092342980 0.109799333 2.866921902 -0.003746909 0.045130316 0.003518535 0.998967886
1786799338314712320.000000 0.092873774 0.110065982 2.868267059 -0.004264531 0.044772808 0.003563020 0.998981774
1786799338347981824.000000 0.092835426 0.109923169 2.869408131 -0.004979450 0.045043636 0.003617779 0.998966098
1786799338414733056.000000 0.093353435 0.110118955 2.871934414 -0.006046496 0.045159683 0.003676624 0.998954773
1786799338881314304.000000 0.095696874 0.110194825 2.888707638 -0.005160600 0.049727846 0.003800941 0.998742223
1786799338914755072.000000 0.095986314 0.110475130 2.889728785 -0.004558009 0.049993474 0.003802361 0.998731911
1786799339115257856.000000 0.097493060 0.110354647 2.896953344 -0.003083287 0.051271513 0.003895700 0.998672426
1786799339247965952.000000 0.097436875 0.109888285 2.901942968 -0.003313652 0.052851863 0.003668353 0.998590171
1786799339314709248.000000 0.098125033 0.109856375 2.904367447 -0.003634245 0.052915640 0.003821434 0.998585105
1786799339348026368.000000 0.098178990 0.109791785 2.905821085 -0.003954974 0.053122085 0.003837164 0.998572826
1786799339381343232.000000 0.098036602 0.109915301 2.907138586 -0.004126395 0.053470194 0.003787279 0.998553753
1786799339947986176.000000 0.099496342 0.112493567 2.926633596 -0.005570818 0.049972460 0.003986690 0.998727143
1786799340014686976.000000 0.099387832 0.112272590 2.929057837 -0.005059539 0.049535640 0.003894483 0.998751938
1786799340048016384.000000 0.099074632 0.111983053 2.930230141 -0.004909025 0.049459249 0.003818597 0.998756766
1786799340148013056.000000 0.098598570 0.111694612 2.933645248 -0.004055150 0.048925038 0.003469352 0.998788178
1786799340548088064.000000 0.101253398 0.112355307 2.948453188 -0.002398865 0.044719156 0.003711491 0.998989820
1786799341048155904.000000 0.096752375 0.112225279 2.967792511 0.000493234 0.011290730 0.003709492 0.999929249
1786799341548002304.000000 0.089214526 0.112043433 2.987793207 0.003771322 -0.036798388 0.003573398 0.999309242
1786799341981390336.000000 0.080946185 0.112828039 3.004075289 0.006049272 -0.079108357 0.003586368 0.996841252
1786799342181387776.000000 0.076326229 0.112032041 3.011636496 0.005637466 -0.099571750 0.003622581 0.995007873
1786799342314703104.000000 0.073739789 0.112441383 3.016535997 0.006150490 -0.113288358 0.003756618 0.993536055
1786799342548030976.000000 0.067532420 0.112702943 3.024473190 0.006557384 -0.137170807 0.003704513 0.990518868
1786799342681415936.000000 0.064201213 0.113164909 3.028748035 0.007141577 -0.151309028 0.004285436 0.988451421
1786799342748131328.000000 0.062189978 0.113672532 3.031188965 0.007467652 -0.158186972 0.004489707 0.987370729
1786799342781357056.000000 0.061301779 0.112763226 3.032452106 0.006728272 -0.162179053 0.004644984 0.986727536
1786799342948092928.000000 0.057124726 0.113347158 3.037065029 0.007494951 -0.179928407 0.005410051 0.983636320
1786799343114691328.000000 0.052107483 0.113240361 3.043045521 0.007205110 -0.198174551 0.005985405 0.980122030
1786799343581455104.000000 0.036156997 0.114567950 3.056800842 0.008969559 -0.249924943 0.006974875 0.968198538
1786799343714933248.000000 0.031131133 0.114445515 3.060847998 0.009076597 -0.264984429 0.007123502 0.964183688
1786799344348113920.000000 -0.038209468 0.141297087 3.098731756 0.016755046 -0.328229219 0.021168178 0.944212258
1786799344348113920.000000 -0.038209468 0.141297087 3.098731756 0.016755046 -0.328229219 0.021168178 0.944212258
1786799344348113920.000000 -0.038209468 0.141297087 3.098731756 0.016755046 -0.328229219 0.021168178 0.944212258
1786799344348113920.000000 -0.038209468 0.141297087 3.098731756 0.016755046 -0.328229219 0.021168178 0.944212258
1786799344348113920.000000 -0.038209468 0.141297087 3.098731756 0.016755046 -0.328229219 0.021168178 0.944212258
1786799344348113920.000000 -0.038209468 0.141297087 3.098731756 0.016755046 -0.328229219 0.021168178 0.944212258
1786799344348113920.000000 -0.038209468 0.141297087 3.098731756 0.016755046 -0.328229219 0.021168178 0.944212258
1786799344348113920.000000 -0.038209468 0.141297087 3.098731756 0.016755046 -0.328229219 0.021168178 0.944212258
1786799344348113920.000000 -0.038209468 0.141297087 3.098731756 0.016755046 -0.328229219 0.021168178 0.944212258
1786799344348113920.000000 -0.038209468 0.141297087 3.098731756 0.016755046 -0.328229219 0.021168178 0.944212258
1786799344348113920.000000 -0.038209468 0.141297087 3.098731756 0.016755046 -0.328229219 0.021168178 0.944212258
1786799344348113920.000000 -0.038209468 0.141297087 3.098731756 0.016755046 -0.328229219 0.021168178 0.944212258
1786799344348113920.000000 -0.038209468 0.141297087 3.098731756 0.016755046 -0.328229219 0.021168178 0.944212258
1786799344348113920.000000 -0.038209468 0.141297087 3.098731756 0.016755046 -0.328229219 0.021168178 0.944212258
1786799344348113920.000000 -0.038209468 0.141297087 3.098731756 0.016755046 -0.328229219 0.021168178 0.944212258
1786799344348113920.000000 -0.038209468 0.141297087 3.098731756 0.016755046 -0.328229219 0.021168178 0.944212258
