1786799101493221888
1786799101526541056
1786799101559896064
1786799102259919872
1786799102959929088
1786799102993249024
1786799103526746112
1786799103826617088
1786799103859956992
1786799104526727936
1786799104693319936
1786799104993289984
1786799105326771968
1786799105360118016
1786799105393286912
1786799105426668800
1786799105460007936
1786799105593341952
1786799105626684928
1786799105726638080
1786799105926630912
1786799106226702080
1786799106393330176
1786799106660001024
1786799106759966976
1786799106793373952
1786799107826780160
1786799107926691072
1786799108193420800
1786799108326791936
1786799108360025856
1786799108393356032
1786799108426722048
1786799108460050176
1786799108526718976
1786799108560039936
1786799108826733056
1786799108926748928
1786799109226799872
1786799109293463040
1786799109826757888
1786799109993412096
1786799110193413888
1786799110260225024
1786799110493430016
1786799110560108800
1786799110826817024
1786799110960084992
1786799111326713088
1786799111426752000
1786799112260116224
1786799112326829824
1786799112393452800
1786799112460113152
1786799112626995968
1786799112676804096
1786799112926820096
1786799112960140032
1786799113160137984
1786799113226835968
1786799113460120832
1786799114193582080
1786799114226828032
1786799114326829824
1786799115226897920
1786799115326857984
1786799115560210944
1786799116193652992
1786799116560193024
1786799116860251904
1786799117026817024
1786799117060220928
1786799117093561856
1786799117260210944
1786799117560257792
1786799118793634816
1786799119126939904
1786799119160244992
1786799119226924032
1786799119526984960
1786799119893721088
1786799120526946048
1786799121093689088
1786799121143660032
1786799121226966016
1786799121277143040
1786799121626991104
1786799121693743104
1786799121743622912
1786799122327079936
1786799122593678080
1786799123493652224
1786799123827056896
1786799124427015168
1786799124460411136
1786799125060417024
1786799125160395008
1786799125427042048
1786799125460424960
1786799125493725952
1786799125527100928
1786799126260476160
1786799126393728000
1786799126427053056
1786799127027074048
1786799127160433152
1786799127527127040
1786799127560431104
1786799127593716992
1786799128060476928
1786799128160456960
1786799128193723904
1786799129060468992
1786799129860574976
1786799130360492032
1786799130393821952
1786799130427140096
1786799130460540160
1786799130727177984
1786799130893824000
1786799130927185152
1786799130993843968
1786799131027194880
1786799131060590080
1786799131560524032
1786799131593838848
1786799131693907968
1786799131893854976
1786799131927240960
1786799132393824000
1786799132427247104
1786799132560518144
1786799133393892096
1786799133793873920
1786799134227226880
1786799134260690944
1786799134327265024
1786799135960647168
1786799136127269888
1786799136993966080
1786799137027266048
1786799137127291904
1786799137293937920
1786799137493929984
1786799137560630016
1786799137627358976
1786799137693974016
1786799137727396096
1786799137927339008
1786799137960634880
1786799137993969920
1786799138260632064
1786799138294042112
1786799138360781056
1786799138393979904
1786799138427310848
1786799139060800000
1786799139460732928
1786799141060792832
1786799141327392000
1786799141827462912
1786799142094070016
1786799142327469056
1786799143360726016
1786799143427439872
1786799143760780032
1786799143894104064
1786799144394118912
1786799144427449088
1786799145427517952
1786799146127479040
1786799146227545856
1786799146410814976
1786799148894164992
1786799149027612928
1786799149127505920
1786799149160870912
1786799149244297984
1786799149277561856
1786799149310853888
1786799149344178944
1786799149394163968
1786799150027571968
1786799150077504000
1786799150477538048
1786799150510859008
1786799150894275072
1786799150927654144
1786799151227580160
1786799151394316800
1786799151827527168
1786799151860864000
1786799152044228096
1786799152594274048
1786799152894267136
1786799152977605120
1786799153010912768
1786799153094340096
1786799153327608064
1786799153360935936
1786799153444262144
1786799153910923008
1786799154727585024
1786799155094331136
1786799156277664000
1786799156377649920
1786799156410983936
1786799156444345856
1786799156627738112
1786799158027779072
1786799158127699968
1786799158460995840
1786799159027802880
1786799159861166848
1786799160127810048
1786799160227838976
1786799160827860992
1786799160894490880
1786799160927726080
1786799160994447104
1786799161127856896
1786799161161101056
1786799161361145856
1786799162094529024
1786799162894528000
1786799162961140992
1786799163027844864
1786799163061170176
1786799163094573056
1786799163161147136
1786799163294493952
1786799163361201920
1786799163461198080
1786799163861171968
1786799164027813888
1786799164061196032
1786799164094497024
1786799164161165056
1786799164194496000
1786799164261179904
1786799164294579968
1786799164361195008
1786799164461208064
1786799165127852032
1786799165327877120
1786799165527852032
1786799165561191168
1786799166194572032
1786799166361229824
1786799168094588160
1786799168127919872
1786799168561219840
1786799168594590976
1786799168727902976
1786799169994642944
1786799170494723072
1786799170894708992
1786799170927970816
1786799170961318912
1786799171394653952
1786799171427954944
1786799171461255936
1786799171727956992
1786799171961310976
1786799172261355008
1786799172561355008
1786799172628057856
1786799172661387008
1786799172711318016
1786799172761367040
1786799172861374976
1786799172894712064
1786799172928020992
1786799173194703104
1786799173394685952
1786799173428037888
1786799173594723072
1786799174028125952
1786799174228014080
1786799174628012800
1786799175428069120
1786799175878028032
1786799176194792960
1786799176461390080
1786799177178046976
1786799177311470080
1786799177461460992
1786799177528111872
1786799177728087808
1786799177911441920
1786799177961523968
1786799178328165888
1786799179294811136
1786799179461492992
1786799179528179968
1786799180061476096
1786799180111515904
1786799180194847232
1786799180428133888
1786799180611439872
1786799180944830976
1786799181394848000
1786799181578187008
1786799182061524992
1786799182144824064
1786799182344835072
1786799182478235904
1786799184678302976
1786799185011578112
1786799185111560192
1786799185144891136
1786799185228230912
1786799186378264064
1786799186544926976
1786799186645012992
1786799186944998912
1786799186978267904
1786799187178287104
1786799187244926976
1786799187411742976
1786799187444902912
1786799187544943104
1786799187644886016
1786799187678257920
1786799188044937984
1786799188244965120
1786799188411628032
1786799188444909056
1786799188544976896
1786799188911671040
1786799188944943872
1786799189344978944
1786799189411760128
1786799189511792896
1786799189711660032
1786799189744930048
1786799190028445952
1786799190228431104
1786799190961786880
1786799190995021056
1786799191261718016
1786799191295028992
1786799191428390144
1786799191628387072
1786799191661757952
1786799192261709056
1786799192295074048
1786799192461779968
1786799192495099136
1786799192595076096
1786799193128503040
1786799193461772800
1786799194461790976
1786799194495089920
1786799194595140096
1786799194761779968
1786799194861852928
1786799195128467200
1786799195195090176
1786799195228470016
1786799195895132928
1786799196395162112
1786799196795147776
1786799197328483072
1786799197528500992
1786799197861808896
1786799197961841152
1786799197995276800
1786799198561844224
1786799199028580864
1786799199061870080
1786799199528520960
1786799199561868032
1786799199595233024
1786799200128602880
1786799200261896960
1786799200461874944
1786799200911859968
1786799200961883904
1786799201161891840
1786799201328506112
1786799201361895936
1786799201395229952
1786799201428649984
1786799201561903104
1786799201895333120
1786799201928634880
1786799201961908224
1786799202011884032
1786799202045243904
1786799202261964032
1786799202295319040
1786799202361886976
1786799202395252992
1786799202795290112
1786799203961950976
1786799204028690944
1786799204061963008
1786799204295326976
1786799204511959040
1786799204695384064
1786799205478696960
1786799205511943936
1786799206111970816
1786799206445306112
1786799206478661120
1786799206511982848
1786799206545316096
1786799207262011136
1786799207345395968
1786799208095374080
1786799208328846848
1786799208362097920
1786799208462053888
1786799208862057984
1786799208962038016
1786799209012023808
1786799209095465984
1786799209145412096
1786799209595410944
1786799209628765952
1786799209712024064
1786799209745420032
1786799209778748160
1786799210228777984
1786799210345395200
1786799210562136832
1786799211412069120
1786799211445421056
1786799211628776960
1786799211712152064
1786799211778738944
1786799212145486080
1786799212178807040
1786799212245434112
1786799212478786048
1786799212612121088
1786799212645415936
1786799212795399936
1786799212895472128
1786799212945451008
1786799212978790912
1786799213078779904
1786799213145457152
1786799213178832128
1786799213345499904
1786799213378734080
1786799213445488896
1786799213528913920
1786799213578785792
1786799213612144896
1786799213645443072
1786799213712208896
1786799214278828032
1786799214812177920
1786799214845588992
1786799215028850176
1786799215478888960
1786799215545517056
1786799215578882816
1786799215845598976
1786799215878900992
1786799215912157952
1786799215945511936
1786799216878802176
1786799217045522944
1786799217112234240
1786799217145540096
1786799217445673984
1786799217545559040
1786799217578836992
1786799217978867968
1786799218012244992
1786799218178848000
1786799218645569024
1786799218978959104
1786799219145549056
1786799219178881792
1786799219245583104
1786799219345558784
1786799219412230912
1786799219678832896
1786799219845666048
1786799220112250112
1786799220178923008
1786799220212253952
1786799220245624064
1786799220645587968
1786799220712313856
1786799220745682944
1786799220878955008
1786799220912295936
1786799220978976000
1786799221078931968
1786799221178971904
1786799221212271872
1786799221245640960
1786799221345633024
1786799221412337920
1786799221679013888
1786799221745629952
1786799221778960896
1786799221945684992
1786799222179072000
1786799222212302848
1786799222545634048
1786799222578991872
1786799222612324864
1786799222645632000
1786799222812386048
1786799223078998016
1786799223195753984
1786799223295779072
1786799223695852032
1786799223895692032
1786799224262435840
1786799224495827968
1786799224562385152
1786799224828995840
1786799224995724800
1786799225295730944
1786799225329081088
1786799225829140992
1786799226062472192
1786799226195830016
1786799226262390016
1786799226329075200
1786799226429096960
1786799226562438912
1786799226595727872
1786799226695805184
1786799226762394880
1786799227129103872
1786799227462436864
1786799227629128960
1786799228062457088
1786799228262651904
1786799228395730944
1786799228729104896
1786799228795718912
1786799228829134848
1786799228895771904
1786799228929115136
1786799228962537984
1786799229162478080
1786799229295852032
1786799229595864064
1786799229629136128
1786799229929112832
1786799230129148928
1786799230262640896
1786799230295734016
1786799230329227008
1786799230429174784
1786799230829200896
1786799230895833856
1786799230995778048
1786799231029272064
1786799231562484992
1786799232029152000
1786799232295844096
1786799232462529792
1786799232512507904
1786799232662524928
1786799232712552960
1786799232895836160
1786799232962536960
1786799232995878912
1786799233329217792
1786799233595891968
1786799233895926016
1786799233995855104
1786799234162568192
1786799234295895040
1786799234529301760
1786799234595969024
1786799235229264128
1786799235362667008
1786799235412676096
1786799235445907200
1786799235762695936
1786799235929308928
1786799235979198976
1786799236212668928
1786799236279311872
1786799236312592896
1786799236345886976
1786799236612600064
1786799236895955968
1786799236929310208
1786799237062582016
1786799237112637952
1786799237162658816
1786799237912739072
1786799239946091008
1786799240212766976
1786799240345984000
1786799240496002816
1786799240546034176
1786799241096113920
1786799241196057088
1786799241229371136
1786799241379374080
1786799241412771072
1786799241546056960
1786799241812720896
1786799241946029824
1786799242129367040
1786799242212730880
1786799242279405056
1786799242346097920
1786799242396041984
1786799242479358976
1786799242512764928
1786799243179382016
1786799243512818176
1786799243546063872
1786799243746192896
1786799243846089984
1786799244296184064
1786799244379496960
1786799244446144000
1786799244546065152
1786799244696108032
1786799244846164992
1786799244879409920
1786799244946080000
1786799245079479040
1786799245146106880
1786799245479412992
1786799245546127104
1786799245612733952
1786799245679450880
1786799246179564032
1786799246379563008
1786799246412888064
1786799246512813056
1786799247612791040
1786799247846179072
1786799247879580928
1786799248546181888
1786799249446214912
1786799249479511040
1786799249679544064
1786799249746196992
1786799249779518976
1786799249812849920
1786799249846245888
1786799249946219008
1786799249979561216
1786799250112977152
1786799250146297088
1786799250212905984
1786799250246190080
1786799250279557888
1786799250612911104
1786799250679582976
1786799250979661056
1786799251079580160
1786799251112903168
1786799251179582208
1786799251212856064
1786799251396392192
1786799251512867072
1786799251546246912
1786799251679537920
1786799251979677952
1786799252146231040
1786799252212902144
1786799252246254080
1786799252579643904
1786799252612971008
1786799252646238976
1786799252679544064
1786799252712912128
1786799252746221056
1786799252879732992
1786799253012902144
1786799253046277120
1786799253512888064
1786799253546246912
1786799253579618816
1786799253612945152
1786799253646277888
1786799253679622912
1786799253946272000
1786799254012918016
1786799254312964864
1786799254479660032
1786799254546355968
1786799254879663872
1786799255246354944
1786799256213071104
1786799256246457088
1786799256346334976
1786799256413036032
1786799256529702912
1786799256629687040
1786799256662946816
1786799256729794048
1786799256896496128
1786799257396486144
1786799257963054848
1786799258096389120
1786799258163064832
1786799258263096064
1786799258296443904
1786799258513082880
1786799258629852160
1786799258729829120
1786799258829760000
1786799259063087104
1786799259163016960
1786799259229829120
1786799259329783040
1786799259463112192
1786799259929708032
1786799259963026944
1786799260063095040
1786799260196441856
1786799260713043968
1786799260929838848
1786799261013103872
1786799261046406912
1786799261546433024
1786799261579793920
1786799261896583168
1786799262479915008
1786799262546605056
1786799262629755136
1786799262963121920
1786799262996484096
1786799263263248896
1786799264229867008
1786799264263190016
1786799265029857024
1786799265413211136
1786799265946580992
1786799266079828992
1786799266113200896
1786799266546650880
1786799266881822976
1786799266913228032
1786799267079894016
1786799267146616832
1786799267546760960
1786799267646665216
1786799267679881216
1786799267746512896
1786799267779939840
1786799267846606080
1786799267946577920
1786799268079870976
1786799268113217024
1786799268696666880
1786799268813317888
1786799268846563072
1786799268879945984
1786799268963251200
1786799269013283072
1786799269046607872
1786799269313378048
1786799269613346048
1786799269829998080
1786799270246701056
1786799270346668032
1786799270429912064
1786799270580017920
1786799270613293056
1786799270846599936
1786799270980057088
1786799271029944832
1786799271079927040
1786799271113297920
1786799271146580992
1786799271380163840
1786799271446649088
1786799271513362944
1786799271913314048
1786799272046670080
1786799272080034048
1786799272146688000
1786799272280028160
1786799272313359872
1786799272579968000
1786799272613362944
1786799272980043776
1786799273746661888
1786799274080003072
1786799274679958016
1786799274913618944
1786799275013398784
1786799275380024832
1786799275546836992
1786799275680033024
1786799275946800896
1786799276080077824
1786799276113404160
1786799276146706176
1786799276180023040
1786799276246784000
1786799276280054016
1786799276413403136
1786799276446751232
1786799276613485056
1786799276680098048
1786799276913404928
1786799276980066048
1786799277013453056
1786799277113404160
1786799277346951936
1786799277446737920
1786799277746824960
1786799278046940160
1786799278146800128
1786799278313415168
1786799278880187136
1786799279080126976
1786799279246742016
1786799279480150016
1786799279746868992
1786799279913481984
1786799279980124928
1786799280380169984
1786799281280246016
1786799281346884096
1786799281946999040
1786799281980193024
1786799282880230912
1786799283413680128
1786799283913619968
1786799283946899968
1786799284146853888
1786799284180206080
1786799284213548800
1786799284380325120
1786799284446898944
1786799284513572864
1786799284580236800
1786799284613536000
1786799284646863104
1786799284880227072
1786799285413629952
1786799285680411136
1786799285880382976
1786799285946924032
1786799286080243200
1786799286313702144
1786799286546885120
1786799286580288768
1786799286613583104
1786799286780178176
1786799286813640960
1786799287046945024
1786799287413801984
1786799287447060992
1786799287547009024
1786799287580303872
1786799287646946816
1786799287880397056
1786799287947025152
1786799288013724160
1786799288046984960
1786799288080292864
1786799288146936832
1786799288213756160
1786799288246947072
1786799288713632000
1786799288980360960
1786799289013710848
1786799289213711872
1786799289313678080
1786799289346985216
1786799289413634048
1786799289480343040
1786799290730326016
1786799291113799936
1786799291147017984
1786799291247014912
1786799291330454016
1786799291430324992
1786799291463767040
1786799291897136896
1786799292080417024
1786799292113800960
1786799292330444032
1786799292430413056
1786799292563787008
1786799292647074048
1786799292863840000
1786799292913744896
1786799292947096064
1786799293130362112
1786799293647220992
1786799293897267200
1786799293930447104
1786799294213850112
1786799294280406016
1786799294347147008
1786799294380478976
1786799295180506880
1786799295213829888
1786799295547154944
1786799295647130112
1786799295730524928
1786799295830600960
1786799295980590080
1786799296013735936
1786799296047156992
1786799296480482048
1786799296730484992
1786799296913826816
1786799297313846016
1786799297447217920
1786799297580528896
1786799297880620032
1786799298330586880
1786799298363870976
1786799298447132160
1786799298513854976
1786799299063847936
1786799299247160064
1786799299280615168
1786799299363842048
1786799299447216128
1786799299630554880
1786799299980762112
1786799300047218944
1786799300080524800
1786799300113831936
1786799300180563968
1786799300230608896
1786799300563958016
1786799300913913856
1786799301113884928
1786799301280585984
1786799301380718080
1786799301447223040
1786799301480550144
1786799301580739072
1786799301680569856
1786799301913871104
1786799302480787968
1786799302514054144
1786799302547243008
1786799302747372032
1786799303113900032
1786799303280705024
1786799303313939968
1786799303580732160
1786799303613955072
1786799303780667136
1786799304013938944
1786799304080587008
1786799304213980928
1786799304247322112
1786799304447294976
1786799304547252992
1786799304580652032
1786799305014008064
1786799305147353856
1786799305280669952
1786799305380590848
1786799305480717056
1786799305613939968
1786799305647286016
1786799305680677888
1786799305880683776
1786799305913971968
1786799305947356928
1786799306280685056
1786799306547368960
1786799306947417856
1786799306980715008
1786799307080718080
1786799307213979904
1786799307247444992
1786799307313970944
1786799307347380992
1786799307413947136
1786799307480654848
1786799307613998848
1786799307947510016
1786799308180710912
1786799308247389952
1786799308280740864
1786799308314053888
1786799308530801920
1786799308580779008
1786799308880775936
1786799308914081024
1786799308980686848
1786799309114036992
1786799309214020864
1786799309247373056
1786799309514085120
1786799309547479040
1786799309647447040
1786799309680712960
1786799309880743936
1786799309947417856
1786799309980849920
1786799310114095872
1786799310214059008
1786799310247421952
1786799310280796160
1786799310347464192
1786799310480730112
1786799311080734976
1786799311380727040
1786799311447446016
1786799311614157824
1786799311647435776
1786799311680730112
1786799311747437056
1786799311914182912
1786799311947462912
1786799311980761088
1786799312014108928
1786799312180830976
1786799312280803840
1786799312314124032
1786799312347472896
1786799312414108160
1786799312447483904
1786799312514151936
1786799312980849152
1786799313147489024
1786799313180877824
1786799313214169856
1786799313414148096
1786799313447453952
1786799313547522048
1786799313580971008
1786799313647495936
1786799313714153984
1786799313780838912
1786799313914156032
1786799314314198016
1786799314380912896
1786799314480921088
1786799314514147072
1786799314580818944
1786799314614257152
1786799314780827904
1786799314847505920
1786799314947462144
1786799315014292992
1786799315247531776
1786799315480860928
1786799315514134016
1786799315880865024
1786799315947560960
1786799316080873984
1786799316114198016
1786799316147481088
1786799316347606016
1786799316480926976
1786799316547599104
1786799316680953856
1786799316714180864
1786799316780816128
1786799316814189824
1786799316914227968
1786799317114247168
1786799317180892928
1786799317347613952
1786799317380866048
1786799317414203904
1786799317580929024
1786799317614212096
1786799317880999168
1786799317980860928
1786799318014273792
1786799318047657984
1786799318080924928
1786799318280857088
1786799318447642112
1786799318580904960
1786799318614226176
1786799318881010944
1786799318914273024
1786799318947518208
1786799319114306816
1786799319280921856
1786799319314262016
1786799319380944896
1786799319480969984
1786799320147734016
1786799320180911104
1786799320214320896
1786799320247580160
1786799320380876032
1786799320447635968
1786799320514304000
1786799320614532096
1786799320781021952
1786799320814307840
1786799320847574016
1786799321014341120
1786799321114285056
1786799321147650048
1786799321447598848
1786799321580964096
1786799321614315008
1786799321647735040
1786799321747608064
1786799321914285056
1786799322347651072
1786799322481021952
1786799323114369024
1786799323231038976
1786799323281033984
1786799323481017088
1786799323530998016
1786799323580993792
1786799323614334208
1786799323964381952
1786799324080984064
1786799324714343168
1786799324847803136
1786799325031109120
1786799325297725952
1786799325347717120
1786799325381033984
1786799325414392064
1786799325481004032
1786799325564424960
1786799325647715072
1786799325681068032
1786799325747706880
1786799325897846016
1786799325947757056
1786799325981082880
1786799326014386944
1786799326047771904
1786799326164439040
1786799326764466944
1786799326814395904
1786799326881088000
1786799326914416128
1786799326947751168
1786799327181083904
1786799327214534144
1786799327947761920
1786799328047806976
1786799328081074944
1786799328181144064
1786799328281161984
1786799328314470144
1786799328514482944
1786799328547796992
1786799328581080064
1786799328714471168
1786799328747772928
1786799328947806976
1786799329014451968
1786799329114532096
1786799329181104896
1786799329214539008
1786799329247845888
1786799329481115136
1786799329514720000
1786799329547857920
1786799329947849984
1786799330014499072
1786799330047880960
1786799330081161984
1786799330147883776
1786799330214433792
1786799330414546944
1786799330481199104
1786799330514507008
1786799330547860992
1786799330647778048
1786799331114619904
1786799331147911168
1786799331614543872
1786799331947885056
1786799332047857152
1786799332281257984
1786799332347842048
1786799332414537984
1786799332714497024
1786799332747844864
1786799332814574848
1786799332914629888
1786799333147891968
1786799333214721792
1786799333247908096
1786799333448022016
1786799333481265920
1786799333514585088
1786799333547902976
1786799333714531072
1786799333747855872
1786799333947879936
1786799334081264128
1786799334147828224
1786799334247931904
1786799334614547968
1786799334647870976
1786799335181249024
1786799335247991040
1786799335481241856
1786799335514630144
1786799335547921920
1786799335747879936
1786799335814579968
1786799335947933952
1786799335981303040
1786799336014607872
1786799336081257216
1786799336181263872
1786799336314665984
1786799336481276928
1786799336514648064
1786799336681415936
1786799336981271040
1786799337014676992
1786799337114656000
1786799337214579968
1786799337348027904
1786799337381374976
1786799337414699008
1786799337447889920
1786799337781267968
1786799337881288960
1786799337981270016
1786799338014579968
1786799338147980032
1786799338281327104
1786799338314712064
1786799338347981824
1786799338414733056
1786799338881314048
1786799338914755072
1786799339115257856
1786799339247965952
1786799339314708992
1786799339348026112
1786799339381342976
1786799339947985920
1786799340014686976
1786799340048016128
1786799340148013056
1786799340548088064
1786799341048155904
1786799341548002048
1786799341981390080
1786799342181387776
1786799342314703104
1786799342548030976
1786799342681415936
1786799342748131072
1786799342781357056
1786799342948092928
1786799343114691072
1786799343581455104
1786799343714932992
1786799344348113920
1786799344381428992
1786799344448077056
1786799344514780928
1786799345181428992
1786799345214791936
1786799345348150016
1786799346081531136
1786799346148151040
1786799346181438976
1786799346248228096
1786799346381537792
1786799346448123904
1786799346848104960
1786799347081476096
1786799347148137984
1786799347581607168
1786799347748142080
1786799347848210176
1786799348014910976
1786799348281516032
1786799348314930944
1786799348381570048
1786799348614856960
1786799348681443840
1786799348714801920
1786799348914871040
1786799349048207104
1786799349214822144
1786799349248209920
1786799349348146944
1786799349448268800
1786799349481492992
1786799349514836992
1786799349548169984
1786799349581542912
1786799349881613056
1786799349948190976
1786799350181588992
1786799350681523968
1786799351314961920
1786799351714978816
1786799352214902016
1786799352248257024
1786799352314866944
1786799352348236032
1786799352381676800
1786799352414897920
1786799352514981888
1786799352548269056
1786799352581607936
1786799352681616896
1786799352714940928
1786799352748267776
1786799352814918144
1786799352914985984
1786799352948323840
1786799352981623040
1786799353081640960
1786799353114938112
1786799353381624064
1786799353548232192
1786799354048252160
1786799354281744128
1786799354714930944
1786799354914962944
1786799355114945792
1786799355248354048
1786799355481657856
1786799356181827072
1786799356631732992
1786799356881865984
1786799357048388864
1786799357148408832
1786799357265101056
1786799357315015936
1786799357448402944
1786799357515003904
1786799358515054080
1786799358548460032
1786799358581721088
1786799358665033984
1786799358881836800
1786799358981755136
1786799359015072000
1786799359115066880
1786799359148466176
1786799359181699072
1786799359248477952
1786799359315078144
1786799359348402944
1786799359381756928
1786799359415033088
1786799359481718016
1786799359581792000
1786799359681849088
1786799359748366080
1786799359815078912
1786799359881735168
1786799359948409088
1786799360048489216
1786799360648442880
1786799360681769984
1786799360981768960
1786799361348530176
1786799361581860096
1786799361681682176
1786799361848412928
1786799361881867008
1786799361915174912
1786799362048417024
1786799362115123968
1786799362181762048
1786799362248507904
1786799362381946112
1786799362615143936
1786799362681701888
1786799362715179008
1786799363015120896
1786799363048612096
1786799363248531968
1786799363515363072
1786799363581910016
1786799363615219200
1786799363681905920
1786799363715177984
1786799363815151104
1786799364181853952
1786799364215152896
1786799364615126016
1786799365115195136
1786799365148474880
1786799365515165184
1786799366048676864
1786799366348681984
1786799366381959936
1786799366415198208
1786799367015305984
1786799367381947904
1786799367981959936
1786799368148552960
1786799368248604928
1786799368415246848
1786799368681906944
1786799368981987840
1786799369015322880
1786799369048705024
1786799369281928960
1786799369315296000
1786799369448581888
1786799369482017024
1786799369515283968
1786799369715286016
1786799369948745984
1786799370315428096
1786799370381903872
1786799370415264000
1786799370515340032
1786799370548670976
1786799370581954048
1786799370682029056
1786799371248670976
1786799371615354112
1786799371815388928
1786799371982106880
1786799372015305984
1786799372282023936
1786799372382139904
1786799372415326208
1786799372448720896
1786799372615298048
1786799372748660992
1786799373048648192
1786799373115372032
1786799373215423232
1786799373315351040
1786799373948796160
1786799374015345152
1786799374115405056
1786799374148752896
1786799374182007040
1786799374248790016
1786799374315404032
1786799374382049024
1786799374748794112
1786799375248814080
1786799375882150912
1786799376015439872
1786799376148737792
1786799376182066944
1786799376315407872
1786799376348758016
1786799376448729088
1786799376548753920
1786799376882155776
1786799377015418880
1786799377048713984
1786799378182102016
1786799378215385856
1786799378282097152
1786799378315450880
1786799378382096896
1786799378415453952
1786799378448753152
1786799378882183936
1786799379115479040
1786799379215589120
1786799379482192128
1786799379515454976
1786799379582123008
1786799379648829952
1786799379982157056
1786799380448849920
1786799380548805120
1786799380782187008
1786799380882246144
1786799380915450112
1786799381115502080
1786799381182148864
1786799381215511040
1786799381248823040
1786799381415540992
1786799381448864000
1786799382048847872
1786799382148807936
1786799382215545856
1786799382248840192
1786799382315572992
1786799382348851968
1786799382515499008
1786799382582180096
1786799383048873984
1786799383082241024
1786799383182223104
1786799383248815104
1786799383282219776
1786799383348856064
1786799383415545856
1786799383448844800
1786799384082144000
1786799384548875008
1786799384748916992
1786799384815666944
1786799384882287104
1786799384982301952
1786799385115706880
1786799385882307072
1786799385982258944
1786799386282268160
1786799386548943872
1786799387349028096
1786799387648925184
1786799388415683072
1786799388448952064
1786799388482340096
1786799388582328064
1786799388615710976
1786799388682307072
1786799388882369024
1786799388915685888
1786799389982450944
1786799390082321920
1786799390149027072
1786799390182354944
1786799390215723008
1786799390248995072
1786799390315668992
1786799390415668992
1786799390482471936
1786799390515755008
1786799390549024000
1786799390782370048
1786799391082345984
1786799391149022208
1786799391249037056
1786799391282352896
1786799391382333952
1786799391649008896
1786799391682352128
1786799391715720960
1786799391815792128
1786799391882359040
1786799392215811072
1786799392382432000
1786799392949052928
1786799393449053952
1786799393549046016
1786799393682415104
1786799394015828992
1786799394115750144
1786799394149091840
1786799394315817216
1786799394382504960
1786799394415863040
1786799394449065984
1786799394515769088
1786799394649152000
1786799395082535936
1786799395149157120
1786799395182425088
1786799395582572032
1786799395649081856
1786799396149129984
1786799396382484992
1786799396482464000
1786799396882647040
1786799396949164032
1786799396982469120
1786799397015830016
1786799397049160960
1786799397149149952
1786799397249170944
1786799397282460928
1786799397315881984
1786799397549175040
1786799397582488064
1786799397915855872
1786799397949282816
1786799397982609152
1786799398115811072
1786799398149136896
1786799398215806976
1786799398249198080
1786799398282614016
1786799398315821056
1786799398349160960
1786799398515940864
1786799398549272064
1786799398582514944
1786799398615865856
1786799398915908096
1786799398982577152
1786799399049235200
1786799399082576128
1786799399349191936
1786799399382500864
1786799399415838976
1786799399449206016
1786799399482536192
1786799399515844096
1786799399815876096
1786799399982577152
1786799400049221888
1786799400115905024
1786799400249224960
1786799400349190912
1786799400415863040
1786799400449219072
1786799400482567168
1786799400515872000
1786799400549211904
1786799400582537984
1786799400615853056
1786799400915867136
1786799400949217024
1786799401049277184
1786799401549256192
1786799401616004096
1786799401649240064
1786799402315917056
1786799402615902976
1786799403149283840
1786799403282622208
1786799403315960832
1786799403349308928
1786799403382603776
1786799403582757888
1786799403816019968
1786799403882731008
1786799404282640896
1786799404349287936
1786799404482649088
1786799404515971840
1786799404715941888
1786799404749283072
1786799404782605056
1786799404849263872
1786799404882675968
1786799404915954944
1786799405915956992
1786799406049252864
1786799406149363968
1786799406215943936
1786799406282711040
1786799407016009984
1786799407049400064
1786799407082756096
1786799407116038144
1786799407149459968
1786799407316004096
1786799407349364992
1786799407416057088
1786799407449410048
1786799407949351936
1786799407982763008
1786799408016026880
1786799408049446144
1786799408116013056
1786799408149362176
1786799408182842112
1786799408249393920
1786799408315987968
1786799408349306112
1786799408449410048
1786799408649411840
1786799408882800128
1786799409016066048
1786799409216023808
1786799409316092928
1786799409416065024
1786799409949393152
1786799409982750976
1786799410949435904
1786799411049405952
1786799411482881024
1786799411949532928
1786799411982852096
1786799412016124928
1786799412316119040
1786799412349464832
1786799412382791936
1786799412416135936
1786799412449480960
1786799412649436928
1786799412782775040
1786799412882827008
1786799412916166912
1786799413116185856
1786799413149483008
1786799414016148992
1786799414049565952
1786799414349515008
1786799414516193024
1786799414882833920
1786799414916198912
1786799414982914816
1786799415016214016
1786799415116216832
1786799415182842112
1786799415249510912
1786799415282823168
1786799415449520128
1786799416182849024
1786799416249566976
1786799416349513984
1786799416549665024
1786799416616320000
1786799417316195072
1786799418016241152
1786799418049662976
1786799418249598976
1786799418282905088
1786799418749562880
1786799418949562112
1786799418982968064
1786799419082957056
1786799419116303872
1786799419149611008
1786799419216669184
1786799419416312832
1786799419449624064
1786799419882921984
1786799419949615104
1786799420316342016
1786799420349585920
1786799420382999808
1786799420749625856
1786799420782944000
1786799420982937088
1786799421149712128
1786799421282995968
1786799421649626880
1786799421749625088
1786799421782967040
1786799421882950912
1786799422016357888
1786799422616314880
1786799422949799936
1786799423149701120
1786799423549680896
1786799423583024896
1786799423849891072
1786799423949879040
1786799423983102208
1786799424316480000
1786799424349773824
1786799424383027200
1786799424416414976
1786799424516369152
1786799424649760000
1786799424983180032
1786799425183130112
1786799425216451840
1786799425383028992
1786799425549798912
1786799425716396032
1786799425749715968
1786799425949825024
1786799426083017216
1786799426116385024
1786799426816389120
1786799426849893120
1786799426883094016
1786799427083081984
1786799427116573952
1786799427516477184
1786799427549850112
1786799428016429056
1786799428416551168
1786799428549794816
1786799428749775872
1786799428816491008
1786799428983138048
1786799429316442112
1786799429416560896
1786799429516499968
1786799429549726976
1786799429583118080
1786799430083131904
1786799430116467968
1786799430149856000
1786799430383130112
1786799430416588032
1786799430616606976
1786799430749870080
1786799430783136000
1786799431216562944
1786799431483256064
1786799431516546048
1786799431783212032
1786799431849824000
1786799432116559872
1786799432149878016
1786799432183207936
1786799432216513024
1786799432316550144
1786799432349836032
1786799432383235840
1786799432449806848
1786799432483209984
1786799432516550912
1786799432549863936
1786799432583197952
1786799432616584960
1786799432683176960
1786799432883353856
1786799432916763136
1786799432949900032
1786799432983230976
1786799433016536064
1786799433083228160
1786799434049907968
1786799434083249152
1786799434116611840
1786799434383251968
1786799434449924864
1786799434516625920
1786799434549905152
1786799434616806144
1786799434649893120
1786799434783275008
1786799434816641024
1786799434983293952
1786799435016585216
1786799435149932032
1786799435249883904
1786799435383339008
1786799435449927936
1786799435816684032
1786799436250094848
1786799436283235072
1786799436449966848
1786799436483302144
1786799436549993984
1786799436683281920
1786799436916759040
1786799436949990144
1786799437050481920
1786799437083352064
1786799437149997056
1786799437183318016
1786799437250009088
1786799437483278080
1786799437516696064
1786799437583319808
1786799437983412992
1786799438083290112
1786799438383333888
1786799438416763904
1786799438450011136
1786799438483303936
1786799438516717056
1786799438550002944
1786799438716685056
1786799438949929984
1786799439050044928
1786799439183407104
1786799439250003968
1786799439416715008
1786799439450028032
1786799439683321856
1786799439749933056
1786799440016663040
1786799440316685056
1786799440950103040
1786799440983469056
1786799441016807168
1786799441050088960
1786799441150064896
1786799441250132992
1786799441550035968
1786799441916830976
1786799442050096896
1786799442116826112
1786799442216834048
1786799442250011904
1786799442316829952
1786799442350168832
1786799442383539968
1786799442416770048
1786799442450105856
1786799442483459840
1786799442550081024
1786799442583427840
1786799443016745216
1786799443050147072
1786799443083456000
1786799443116802816
1786799443216779008
1786799443283447040
1786799444250177024
1786799444416747008
1786799444516740096
1786799444550080000
1786799444883470080
1786799444950082048
1786799445216768000
1786799445250252032
1786799445283468032
1786799445316813824
1786799445816692224
1786799446083565824
1786799446116822016
1786799446250131968
1786799446350127872
1786799446483506944
1786799446516762112
1786799446683468032
1786799446950107136
1786799447116828928
1786799447150191104
1786799447183516928
1786799447216779008
1786799447250170112
1786799447316840960
1786799447583527936
1786799447650171904
1786799447950254848
1786799447983607040
1786799448016820992
1786799448083501056
1786799448350205952
1786799448416827904
1786799448450211072
1786799448483601920
1786799448850287872
1786799448883516928
1786799448950206976
1786799449050200064
1786799449083579136
1786799449116909056
1786799449150206976
1786799449350150144
1786799449450180096
1786799449750292992
1786799449883652864
1786799450016872960
1786799450050162176
1786799450250194176
1786799450283639808
1786799450316936960
1786799450483652096
1786799450683557888
1786799450816879104
1786799451383620096
1786799451483649024
1786799451583627008
1786799451950327040
1786799452050277120
1786799452416980992
1786799452516915200
1786799453383847936
1786799453583693056
1786799453650317056
1786799454216964864
1786799454250313984
1786799454283632128
1786799454616936960
1786799454683640064
1786799455083667968
1786799455250289920
1786799455283628032
1786799455316973056
1786799455450320128
1786799455783776000
1786799456416930048
1786799457183825920
1786799457350383104
1786799457917046016
1786799458250345984
1786799458283705856
1786799458317048064
1786799458350440960
1786799458550488832
1786799459250451968
1786799459283858176
1786799459783849984
1786799459883915008
1786799459950423040
1786799460450618880
1786799461417216000
1786799461450462976
1786799461683803136
1786799461883820032
1786799462250454016
1786799462417170944
1786799462483820800
1786799462550457856
1786799462750543104
1786799462917184000
1786799463050563072
1786799463383855104
1786799464017213952
1786799464350498048
1786799464617216000
1786799464683814144
1786799465150487040
1786799465283778816
1786799465317192960
1786799465383801856
1786799465483867904
1786799465883878912
1786799465917211136
1786799465950671872
1786799465983884032
1786799466017232896
1786799466083937024
1786799466150552064
1786799466283847168
1786799466350693888
1786799466650638080
1786799466683950848
1786799467183929088
1786799467350606848
1786799467450671872
1786799467950545920
1786799468217232896
1786799468350647808
1786799468450535936
1786799468483906048
1786799469083860992
1786799469217370112
1786799469250743040
1786799469317277952
1786799469517199872
1786799469550540032
1786799469684025088
1786799469717382912
1786799469783969024
1786799469917289984
1786799470184003072
1786799470317303808
1786799470350637056
1786799470383974144
1786799470417324032
1786799470450608896
1786799470483961088
1786799470517321984
1786799470750685952
1786799470817321984
1786799471250621952
1786799471350795008
1786799471517287936
1786799471783979008
1786799472217541888
1786799472317307904
1786799472350728960
1786799472550739968
1786799472584009984
1786799472683991808
1786799472750673152
1786799472784013056
1786799472850697984
1786799473017359104
1786799473584024064
1786799473683983104
1786799473717350912
1786799473784069120
1786799473850748928
1786799473884052992
1786799474017384960
1786799474217363968
1786799474384062976
1786799474417404928
1786799474450763008
1786799474484046848
1786799474550754048
1786799474584011008
1786799474617472768
1786799474650758144
1786799474750760960
1786799474784066048
1786799474817483008
1786799474850744064
1786799474884124160
1786799475117400832
1786799475150803968
1786799475717457152
1786799476017349120
1786799476050766848
1786799476317424128
1786799476350793984
1786799476417460992
1786799476484118016
1786799477417435904
1786799478017604096
1786799478084094976
1786799478150761984
1786799478184129024
1786799478217457920
1786799478917499136
1786799478950865152
1786799478984141056
1786799479250920960
1786799479884134912
1786799480150855168
1786799480250875904
1786799480450853120
1786799480484178944
1786799480519731968
1786799480550829056
1786799480617464064
1786799480717530112
1786799480984203008
1786799481017495040
1786799481317622784
1786799481350827008
1786799481384179968
1786799481417541888
1786799481450865152
1786799481484147968
1786799481517584128
1786799481550798848
1786799481850873856
1786799481884217856
1786799482050941952
1786799482417496064
1786799482450840064
1786799482584188928
1786799482650813952
1786799482717627136
1786799482750845952
1786799483084267008
1786799483417576192
1786799483550888960
1786799483684230144
1786799483817521152
1786799484917716992
1786799485417534976
1786799485550971136
1786799485584316928
1786799485917642240
1786799485951028992
1786799486050947072
1786799486117613056
1786799486384284928
1786799486550929920
1786799486650898944
1786799486684313088
1786799486850959104
1786799486884368896
1786799486950956032
1786799487217772032
1786799487250935040
1786799487284264960
1786799487684311040
1786799487917735168
1786799487950970880
1786799487984331008
1786799488017679104
1786799488050959104
1786799488084323840
1786799488484402944
1786799488684331776
1786799489117660160
1786799489484335872
1786799489984328960
1786799490051044096
1786799490117729024
1786799490284365056
1786799490317783040
1786799490351036928
1786799490384361984
1786799490517796096
1786799490784332032
1786799490917723904
1786799491117739008
1786799491284317952
1786799491384327936
1786799492051120896
1786799492084386048
1786799492217736960
1786799492517787904
1786799492584356096
1786799492851150080
1786799492917773056
1786799493017739008
1786799493484421120
1786799493684477184
1786799493917774848
1786799493984468992
1786799494017746944
1786799494051075072
1786799494251054080
1786799494284389888
1786799494317783040
1786799494484517120
1786799494517793792
1786799494751037952
1786799494917795840
1786799495351182848
1786799495684525056
1786799495751172096
1786799495884513024
1786799495951132160
1786799496084398080
1786799496117809152
1786799496151119104
1786799496218033920
1786799496417932032
1786799496451186944
1786799496517864960
1786799496884551168
1786799496951155968
1786799497017792000
1786799497051173888
1786799497084570880
1786799497451139840
1786799497917881088
1786799498051150080
1786799498117865984
1786799498151197952
1786799498317956864
1786799498551127040
1786799498784614144
1786799498817806848
1786799499017890816
1786799499051347968
1786799499084541952
1786799499117831936
1786799499284599040
1786799499317853952
1786799499417881088
1786799499917854976
1786799499951215872
1786799499984563200
1786799500117883904
1786799500317956864
1786799500384558848
1786799500451216896
1786799500551254016
1786799501251228160
1786799501284574976
1786799501484636928
1786799501784705024
1786799502051281920
1786799502184567808
1786799502217936896
1786799502251220992
1786799502351265024
1786799502417869056
1786799502584701952
1786799503117974016
1786799503151289856
1786799503184638976
1786799503651298048
1786799503684549120
1786799503751324928
1786799504117959936
1786799504451230976
1786799504484615936
1786799504517925120
1786799504551307008
1786799504651344896
1786799504717924096
1786799504751282944
1786799504784678912
1786799504817948160
1786799504851297024
1786799504917926912
1786799505184731904
1786799505384759040
1786799505484679936
1786799505651282176
1786799505684627968
1786799505984641024
1786799506051361024
1786799506084683008
1786799506217999104
1786799506451482112
1786799506518012160
1786799506551373056
1786799507084820992
1786799507518057984
1786799507551405824
1786799507618048000
1786799507918025984
1786799508084728832
1786799508184784896
1786799508218045952
1786799508751409920
1786799508918112000
1786799509251343104
1786799509418066944
1786799509451483136
1786799509751358976
1786799510284832000
1786799510318061056
1786799510451456000
1786799510618104064
1786799511384860928
1786799511451503104
1786799511584865024
1786799511851916032
1786799512151467008
1786799512184809984
1786799512318223104
1786799512384792064
1786799512584798208
1786799512984824832
1786799513018216960
1786799513184904960
1786799513284983040
1786799513384937984
1786799513418245120
1786799513451534080
1786799513484786944
1786799513518181120
1786799513885080064
1786799513918280960
1786799513951502080
1786799513984862208
1786799514551546112
1786799514584861952
1786799514618212864
1786799514851545088
1786799514884867840
1786799514918288896
1786799514984817920
1786799515485079040
1786799515718235136
1786799515751529984
1786799515784877056
1786799515984973824
1786799516284961024
1786799516351538944
1786799516384876032
1786799516484841216
1786799516651712000
1786799516684904192
1786799516718211840
1786799516884877056
1786799517918267904
1786799518884943104
1786799518918253824
1786799518951587072
1786799518984926976
1786799519018245888
1786799519051616000
1786799519118285056
1786799519218287104
1786799519251612928
1786799519418248960
1786799519484936960
1786799519551609088
1786799519584923904
1786799520084978944
1786799520251625984
1786799520384978176
1786799520451662080
1786799520718249984
1786799520851608064
1786799520918379008
1786799520951684864
1786799521084978176
1786799521118358016
1786799521218297856
1786799521385071872
1786799521418345984
1786799521451695872
1786799521485064960
1786799521684974848
1786799521985028096
1786799522018331904
1786799522218353920
1786799522284992000
1786799522451698176
1786799522484986112
1786799522518338048
1786799522551675136
1786799522584999936
1786799523351718912
1786799523451793920
1786799523551672832
1786799523785033984
1786799524118505984
1786799524251704832
1786799524385025024
1786799524418370048
1786799524518436864
1786799524585048832
1786799524951781888
1786799525051756032
1786799525618430976
1786799525751729920
1786799525918430976
1786799526018425856
1786799526318454016
1786799526351747072
1786799526418423040
1786799526451791104
1786799526485166080
1786799526518466048
1786799526851919872
1786799527018491904
1786799527351821056
1786799527418500864
1786799527485414912
1786799527685089024
1786799527885108992
1786799528118460928
1786799528251777024
1786799528285069056
1786799528318458112
1786799528651796992
1786799528885201920
1786799528918479872
1786799529051790848
1786799529085150976
1786799529285204992
1786799529318603008
1786799529451795200
1786799529485164032
1786799529551791872
1786799529585171968
1786799529618490880
1786799529651803136
1786799529718491136
1786799529885256960
1786799530418530048
1786799530485230080
1786799530518661120
1786799530753391104
1786799530885171968
1786799530918539008
1786799531118585088
1786799531151876096
1786799531185216000
1786799531251826944
1786799531385251072
1786799531518568960
1786799532051892992
1786799532251860992
1786799532385235968
1786799532718588160
1786799533118580992
1786799533151895040
1786799533185265920
1786799533285135104
1786799533551863040
1786799533685233152
1786799533751878144
1786799533985297920
1786799534118642176
1786799534185218048
1786799534451990016
1786799534485257984
1786799534518601984
1786799534618505984
1786799534651900160
1786799534718606848
1786799534751819008
1786799534785392128
1786799534885338112
1786799534918554112
1786799534951934208
1786799535018668800
1786799535085273856
1786799535118697984
1786799535285267968
1786799535385345024
1786799535418664960
1786799535452013056
1786799535518661888
1786799535652005888
1786799536185401856
1786799536318882048
1786799536385339904
1786799536518770944
1786799536618693120
1786799537285259008
1786799537318681088
1786799537418736896
1786799537452816896
1786799537518592000
1786799537785305088
1786799537985368064
1786799538018668032
1786799538051950080
1786799538118671872
1786799538185362944
1786799538385440000
1786799538418693120
1786799538552032000
1786799538851984128
1786799539118696960
1786799539152019968
1786799539618781952
1786799539652039936
1786799539885323008
1786799540051979008
1786799540085423104
1786799540118691840
1786799540152032000
1786799540218784000
1786799540652049920
1786799540718674944
1786799540918772992
1786799540985368064
1786799541018845184
1786799541318811904
1786799541452045824
1786799541585551872
1786799542018793216
1786799542152059904
1786799542185437952
1786799542285571072
1786799542352035072
1786799542385419008
1786799542452158976
1786799542485399040
1786799542818814976
1786799542918750976
1786799542952167936
1786799542985416960
1786799543185487872
1786799543252126976
1786799543385630976
1786799543618769920
1786799543685445120
1786799543918839040
1786799544018744832
1786799544152141056
1786799544252187136
1786799544418801920
1786799544585614848
1786799544618872832
1786799544652123904
1786799544785586176
1786799545252107008
1786799545585602048
1786799545618810880
1786799545785545216
1786799545985563904
1786799546252183808
1786799546418925056
1786799546518908928
1786799546552233984
1786799546685648896
1786799547218877184
1786799547318885120
1786799547618823936
1786799547785548032
1786799548152190976
1786799548185577984
1786799548252242944
1786799548352171776
1786799548718851072
1786799548885655040
1786799548918906880
1786799549052165888
1786799549118923008
1786799550018973952
1786799550118886912
1786799550952279040
1786799551185623808
1786799551218874880
1786799551318923008
1786799551352279040
1786799551385618944
1786799551485672960
1786799552085735168
1786799552485643008
1786799552685597952
1786799552852258816
1786799552885611008
1786799552919022080
1786799552952222976
1786799552985662976
1786799553118875904
1786799553152247808
1786799553185700864
1786799553218915072
1786799553285721088
1786799553418914048
1786799553785737984
1786799553818892032
1786799554885665024
1786799554985684992
1786799555352346880
1786799556385776128
1786799556418972928
1786799556485740800
1786799556519020032
1786799556552336896
1786799556652389888
1786799556952413952
1786799557252456960
1786799557419028992
1786799558052423936
1786799558118998016
1786799558985774080
1786799559152391936
1786799559352410112
1786799559485701120
1786799559685848832
1786799560552545024
1786799560719108096
1786799560819068928
1786799561052432896
1786799561085798912
1786799561152457984
1786799561219121920
1786799561319073792
1786799561452569088
1786799561485831936
1786799561552444928
1786799561752422144
1786799562252412928
1786799562785862912
1786799562952414976
1786799563385819904
1786799563452496128
1786799563485789952
1786799563585774848
1786799563619108864
1786799563885907968
1786799564052444928
1786799564085818112
1786799564185858048
1786799564219119104
1786799564252464896
1786799564852613888
1786799564885818880
1786799565085808128
1786799565385804800
1786799566086838016
1786799566119250944
1786799566185854976
1786799566219196160
1786799566752528896
1786799566785787136
1786799567019260928
1786799567385977088
1786799567419207936
1786799567519181056
1786799567652573184
1786799568485929984
1786799568685900800
1786799569519290880
1786799569685956096
1786799569752652032
1786799570319303936
1786799570952677888
1786799571152743936
1786799571386002176
1786799571685935872
1786799571785923072
1786799571819392000
1786799572019355904
1786799572119256064
1786799572185944064
1786799572252700928
1786799572619363072
1786799572652761856
1786799572886084096
1786799573086039040
1786799573186023936
1786799573586031872
1786799574019440896
1786799574052791040
1786799574086049024
1786799574186045952
1786799574219297792
1786799574485989120
1786799574519354112
1786799574552774912
1786799574919361024
1786799575219474944
1786799575286029056
1786799575952909056
1786799576019431168
1786799576119438848
1786799576152764160
1786799576186112000
1786799576219424000
1786799576586059008
1786799576886110976
1786799576919430912
1786799577086038016
1786799577119467008
1786799577486099968
1786799577719481088
1786799577752832000
1786799577986144000
1786799578052864000
1786799578319412992
1786799578486150144
1786799578519425024
1786799578586162944
1786799578686114048
1786799578886230016
1786799579086237952
1786799579219471104
1786799579286149888
1786799579452806912
1786799579486146816
1786799579519462144
1786799579552825088
1786799579619503872
1786799579719582976
1786799579786151936
1786799579852766976
1786799579919514880
1786799580019494912
1786799580052891904
1786799580186147840
1786799580352809984
1786799580419460096
1786799580719590912
1786799580886269184
1786799580986201088
1786799581486203904
1786799581519543808
1786799581586198016
1786799581786263040
1786799581886225920
1786799581919536128
1786799582119666944
1786799582219544832
1786799582252890112
1786799582286222080
1786799582419538944
1786799582486181120
1786799582519531008
1786799582686237952
1786799583019521024
1786799583119534848
1786799583252859136
1786799583286253056
1786799583419533056
1786799583452857856
1786799583486263040
1786799584186283008
1786799584219603968
1786799584286209024
1786799584319634944
1786799584486257920
1786799584952868096
1786799585019694080
1786799585486309888
1786799585786334976
1786799585819659008
1786799585852914176
1786799586419774976
1786799586552862976
1786799586586287872
1786799586619642112
1786799586886332928
1786799587919656960
1786799588086332160
1786799588186404096
1786799588386373120
1786799588452975872
1786799588486392064
1786799588819667968
1786799589019716864
1786799589052990976
1786799589186376192
1786799589419795968
1786799589453003008
1786799589486324992
1786799589719769088
1786799589886388992
1786799590053036032
1786799590086356992
1786799590119718144
1786799590153032960
1786799590286413056
1786799590419655168
1786799590453035008
1786799590686363904
1786799590719793152
1786799590753001984
1786799591053072896
1786799591553080064
1786799591953174016
1786799591986403840
1786799592086430976
1786799592119792896
1786799592486382080
1786799592519757056
1786799592553095936
1786799592619779072
1786799592653078016
1786799592986472960
1786799593019796992
1786799593253137152
1786799593319776000
1786799593386446080
1786799593553052928
1786799594053177088
1786799594286523136
1786799594553070080
1786799594586489856
1786799594919784192
1786799594953126912
1786799594986434816
1786799595019855872
1786799595086494976
1786799595453225984
1786799595486528000
1786799596619952896
1786799596819820800
1786799597553165056
1786799598619951104
1786799598753192960
1786799599053220864
1786799599086713088
1786799599119923200
1786799599453351936
1786799599486563072
1786799599819814912
1786799599919891968
1786799599953201920
1786799599986618112
1786799600053231104
1786799600219929856
1786799600453330944
1786799600486603008
1786799600519942912
1786799600553253888
1786799600586579200
1786799600986653184
1786799601086597888
1786799601119873024
1786799601186615040
1786799601386630912
1786799601519902976
1786799601553217024
1786799602019921920
1786799602086649856
1786799602119941888
1786799602153300992
1786799602253278976
1786799602286515968
1786799602353231872
1786799602386635008
1786799602419898112
1786799602553260032
1786799602753336064
1786799602953264896
1786799602986720000
1786799603386697984
1786799603486573824
1786799603619997952
1786799603719990016
1786799604020025088
1786799604319952128
1786799604353313024
1786799604453428992
1786799604553300992
1786799604686664192
1786799604953293056
1786799605019938048
1786799605386684928
1786799605420006144
1786799605453437184
1786799605586683904
1786799605619961088
1786799605719922176
1786799605786720000
1786799605819976192
1786799605886755072
1786799606119966976
1786799606353352960
1786799606419950080
1786799606853394944
1786799606920016128
1786799606986715136
1786799607086683136
1786799607120132864
1786799608420040960
1786799608553377024
1786799608920109056
1786799609086659072
1786799609253442048
1786799609553404928
1786799609720099840
1786799610286814976
1786799610353421056
1786799610386776064
1786799610453520896
1786799610486784000
1786799610720088064
1786799610786767104
1786799610820054016
1786799610986728960
1786799611453569792
1786799611853513984
1786799612053561088
1786799612386863872
1786799612420067072
1786799612586822144
1786799612753395968
1786799612953444096
1786799612986830080
1786799613020118016
1786799613186774016
1786799613486859008
1786799613553539072
1786799613620134144
1786799613953472000
1786799614386908160
1786799614886921984
1786799615086831104
1786799615153516032
1786799615320225024
1786799616120210944
1786799616520231936
1786799616986977024
1786799617020272896
1786799617153537024
1786799617286906112
1786799617953687808
1786799618020240128
1786799618053711872
1786799618153527040
1786799618253719040
1786799618320236032
1786799618520279040
1786799619420306944
1786799619486962944
1786799619886923008
1786799620420321024
1786799620987014144
1786799621053772032
1786799621120312832
1786799621553800960
1786799621586909952
1786799621887057152
1786799621987014912
1786799622220434944
1786799622520355072
1786799622653747200
1786799622720328960
1786799622753728000
1786799622787005952
1786799623120368128
1786799623487047936
1786799623586960128
1786799624053709056
1786799624087081984
1786799624153698048
1786799624253725952
1786799624287056896
1786799624420353024
1786799624453801984
1786799624553679872
1786799624587006976
1786799624720361984
1786799624753662208
1786799624787048192
1786799624820462848
1786799624853765888
1786799624887073024
1786799625020327936
1786799625053714944
1786799625086995968
1786799625120409856
1786799625153794048
1786799625187032832
1786799625353793024
1786799626220392960
1786799626387079936
1786799626887192064
1786799626920489984
1786799627520467968
1786799627553731072
1786799627587132928
1786799627653767168
1786799627787076096
1786799627887051008
1786799628187150080
1786799628487075072
1786799628520431104
1786799628553793792
1786799628920482048
1786799629020493056
1786799629087203072
1786799629487137024
1786799629520478976
1786799629687171072
1786799629887185152
1786799630487219968
1786799630553874944
1786799630620562176
1786799631120486912
1786799631187213824
1786799631287215104
1786799631587127808
1786799631620559872
1786799632153820160
1786799632187161856
1786799632353848832
1786799632453952000
1786799632553884928
1786799633053997056
1786799633187271168
1786799633520532992
1786799633620503040
1786799633687194112
1786799634020602880
1786799634153867008
1786799634253905152
1786799634487306240
1786799634520617984
1786799634754155008
1786799634953864960
1786799635454006016
1786799635920685056
1786799635987288832
1786799636020700928
1786799636253868032
1786799636687382016
1786799636920645120
1786799637920700160
1786799637953989888
1786799638254012160
1786799638420660992
1786799638720686080
1786799638753901056
1786799638920648960
1786799638954018048
1786799638987360000
1786799639120755968
1786799639353979136
1786799639654063872
1786799639720793088
1786799639753972992
1786799639820815104
1786799639853980928
1786799639987406080
1786799640120753152
1786799640154006016
1786799640187364096
1786799640487448832
1786799640654014208
1786799640820825088
1786799641087393024
1786799641154020096
1786799641220707840
1786799641387425792
1786799641454063872
1786799641754009856
1786799641787357184
1786799641920787200
1786799641954068992
1786799642020695808
1786799642420780800
1786799642487526912
1786799642887676928
1786799642920774912
1786799643087570944
1786799643287514880
1786799643487443968
1786799643620804096
1786799643787437056
1786799643887401984
1786799643920804096
1786799644087526912
1786799644320748032
1786799644454091008
1786799644587483904
1786799644654068992
1786799644954094848
