1786799292913744896.000000 0.008991140 0.001451646 0.063783146 -0.001962583 -0.003414784 0.000639089 0.999992073
1786799292947096064.000000 0.009145345 0.001651799 0.064809643 -0.001808803 -0.003164965 0.000664302 0.999993205
1786799293130362368.000000 0.009422548 0.001256800 0.071668506 -0.001539335 -0.001719985 0.000532511 0.999997199
1786799293647220992.000000 0.011255384 0.001357768 0.091849811 0.001940281 0.001677111 0.000520950 0.999996603
1786799293897267456.000000 0.012082336 0.001548515 0.101951160 0.000400608 0.001844107 0.000752833 0.999997973
1786799293930447104.000000 0.012212400 0.001499508 0.103204623 -0.000017600 0.001802523 0.000846462 0.999998033
1786799294213850368.000000 0.012151090 0.001477741 0.114136435 -0.001640107 0.000341848 0.001081890 0.999998033
1786799294280406272.000000 0.012107382 0.002056757 0.117023595 -0.001022165 -0.000247002 0.001141390 0.999998808
1786799294347147264.000000 0.012208047 0.002062856 0.120131478 -0.000554120 -0.000878626 0.001127978 0.999998868
1786799294380478976.000000 0.012258699 0.002396809 0.121778347 -0.000014949 -0.001099408 0.001088316 0.999998868
1786799295180506880.000000 0.011642752 0.002569991 0.154086575 -0.000428519 -0.004217906 0.001186135 0.999990344
1786799295213829888.000000 0.011385615 0.002788368 0.155179784 -0.000613137 -0.003828810 0.001197312 0.999991775
1786799295547155200.000000 0.011923122 0.002388161 0.169169232 -0.000225742 -0.001363498 0.001228167 0.999998331
1786799295647130368.000000 0.011638065 0.002582098 0.173345938 0.001010630 -0.000207207 0.001226823 0.999998748
1786799295730524928.000000 0.011499069 0.002702502 0.176630750 0.001974844 0.000516743 0.001053901 0.999997437
1786799295830600960.000000 0.011261010 0.002312885 0.180631831 0.002548935 0.001063547 0.000327376 0.999996126
1786799295980590080.000000 0.009485667 0.002317012 0.186885267 0.003233646 0.002188484 -0.001052143 0.999991894
1786799296013735936.000000 0.009207684 0.002411264 0.188200071 0.003288342 0.002117896 -0.001455755 0.999991298
1786799296047156992.000000 0.008286281 0.002426530 0.189139545 0.003398126 0.002651095 -0.001373430 0.999989808
1786799296480482048.000000 0.001041826 0.003001239 0.207231924 -0.000703219 0.001059580 -0.001417980 0.999998212
1786799296730485248.000000 -0.005365444 0.002581799 0.217179820 -0.000651049 -0.000834514 0.000799021 0.999999106
1786799296913826816.000000 -0.010883730 0.002274959 0.224085703 0.000101666 -0.002288231 0.002258646 0.999994814
1786799297313846016.000000 -0.023005728 0.002790605 0.238595083 0.000046656 -0.004309563 0.003265209 0.999985397
1786799297447217920.000000 -0.027229609 0.003144843 0.243710086 -0.001075281 -0.004359606 0.002607253 0.999986589
1786799297580528896.000000 -0.031320285 0.003237299 0.248698562 -0.002161874 -0.003946877 0.001906811 0.999988139
1786799297880620288.000000 -0.040896069 0.002357964 0.259642214 0.000774849 -0.001910072 0.001510651 0.999996781
1786799298330586880.000000 -0.054955818 0.002592105 0.276057810 0.001649219 0.001206460 0.006007049 0.999979913
1786799298363870976.000000 -0.055976905 0.002620420 0.277581275 0.001607356 0.001441370 0.006436650 0.999976993
1786799298447132416.000000 -0.057570543 0.002804597 0.279883742 0.001486105 0.001553456 0.007155529 0.999972105
1786799298513854976.000000 -0.059068345 0.003283917 0.282744974 0.001363010 0.001784068 0.007638800 0.999968350
1786799299063847936.000000 -0.067220651 0.003406940 0.300133079 -0.001626165 -0.000321541 0.006296735 0.999978781
1786799299247160320.000000 -0.068512663 0.003058009 0.306065649 -0.000800596 -0.001830711 0.006052355 0.999979734
1786799299280615424.000000 -0.068874419 0.002998775 0.306807518 -0.000543989 -0.002024145 0.005927987 0.999980271
1786799299363842304.000000 -0.069546737 0.003010802 0.310383171 -0.000275183 -0.002501123 0.005737744 0.999980450
1786799299447216384.000000 -0.069897451 0.003218796 0.312623471 0.000378351 -0.002952929 0.005661835 0.999979556
1786799299630554880.000000 -0.069884732 0.003149606 0.319603443 0.000562522 -0.004099090 0.004979155 0.999979079
1786799299980762368.000000 -0.069782972 0.003612245 0.332759023 -0.002064155 -0.003815121 0.003423908 0.999984741
1786799300047218944.000000 -0.069183737 0.003608643 0.335351378 -0.002578418 -0.003595027 0.003329676 0.999984682
1786799300080524800.000000 -0.068741038 0.003741703 0.336607426 -0.002604386 -0.003590813 0.003186089 0.999985158
1786799300113831936.000000 -0.068508558 0.003988787 0.337952346 -0.002528696 -0.003397082 0.003098399 0.999986291
1786799300180564224.000000 -0.068219058 0.003894524 0.340210676 -0.002392621 -0.002833090 0.002845355 0.999989152
1786799300230608896.000000 -0.067606948 0.004319953 0.342210740 -0.001857163 -0.002598385 0.002724424 0.999991238
1786799300563958272.000000 -0.065202758 0.003551372 0.354680717 0.000702354 0.000100029 0.001868454 0.999998033
1786799300913913856.000000 -0.061603222 0.003684889 0.367671549 0.001311413 0.001612950 0.001360918 0.999996901
1786799301113884928.000000 -0.059719201 0.004494353 0.374736845 -0.000354504 0.001372247 0.001609488 0.999997735
1786799301280585984.000000 -0.058047805 0.004129330 0.380754739 -0.001817301 0.000524296 0.001594842 0.999996960
1786799301380718336.000000 -0.057830647 0.004747711 0.384110838 -0.001493146 0.000094257 0.001158609 0.999998212
1786799301447223296.000000 -0.057336595 0.004427313 0.386262685 -0.001402672 -0.000346326 0.000920117 0.999998569
1786799301480550400.000000 -0.057055559 0.004645024 0.387540907 -0.001115729 -0.000716012 0.000780058 0.999998808
1786799301580739328.000000 -0.056371711 0.004869579 0.391113997 -0.000214647 -0.001438104 0.000477941 0.999998808
1786799301680569856.000000 -0.055663072 0.004829083 0.394211054 0.000433287 -0.002075416 0.000149773 0.999997735
1786799301913871360.000000 -0.053897914 0.004496234 0.402244598 0.001250904 -0.003474295 -0.000259027 0.999993145
1786799302480787968.000000 -0.048312642 0.004812787 0.422215849 -0.002214530 -0.003195765 0.000592676 0.999992311
1786799302514054400.000000 -0.048139263 0.004899552 0.423072457 -0.002222582 -0.002827485 0.000530351 0.999993443
1786799302547243008.000000 -0.047668140 0.004615572 0.424534589 -0.002315432 -0.002739740 0.000437482 0.999993503
1786799302747372032.000000 -0.045773696 0.005146005 0.430958360 -0.000781322 -0.001250166 -0.000004209 0.999998927
1786799303113900288.000000 -0.042621948 0.004349857 0.443769187 0.001016943 0.001322930 -0.000376201 0.999998629
1786799303280705280.000000 -0.041185293 0.003991129 0.449315637 0.000673217 0.001799777 -0.000188838 0.999998212
1786799303313939968.000000 -0.041390941 0.004087535 0.450660765 0.000530219 0.002079624 -0.000310794 0.999997616
1786799303580732416.000000 -0.038690630 0.004583491 0.460490257 -0.001832508 0.001162942 0.000569297 0.999997497
1786799303613955328.000000 -0.038665835 0.004642496 0.461345315 -0.001923645 0.001051989 0.000633773 0.999997377
1786799303780667392.000000 -0.037934944 0.004675862 0.467275500 -0.001946354 0.000061061 0.000480443 0.999998033
1786799304013939200.000000 -0.036609892 0.004303333 0.475741476 -0.000482999 -0.001845057 0.000317198 0.999998152
1786799304080587264.000000 -0.036474548 0.004126494 0.478072524 -0.000028561 -0.002182922 0.000305336 0.999997556
1786799304213981184.000000 -0.035708480 0.004147413 0.482776523 0.000746754 -0.003235107 0.000253528 0.999994516
1786799304247322368.000000 -0.035866659 0.003896879 0.483741254 0.000728803 -0.003286116 0.000177681 0.999994338
1786799304447295232.000000 -0.034816902 0.004239759 0.491111398 0.001006818 -0.004333863 0.000417054 0.999990046
1786799304547253248.000000 -0.034437563 0.005012411 0.495015204 0.000676852 -0.004418607 0.000630239 0.999989808
1786799304580652288.000000 -0.034250278 0.004716277 0.496213853 0.000217624 -0.004502961 0.000601380 0.999989688
1786799305014008320.000000 -0.031991486 0.005466864 0.512137890 -0.001815212 -0.002532531 0.001058210 0.999994636
1786799305147353856.000000 -0.031626616 0.004869875 0.517250776 -0.001069434 -0.001499432 0.000741807 0.999998033
1786799305280670208.000000 -0.030958645 0.005246997 0.522171676 0.000228456 -0.000504400 0.000892248 0.999999464
1786799305380590848.000000 -0.031536423 0.005664519 0.525824547 0.001185080 0.000592166 0.000652410 0.999998927
1786799305480717056.000000 -0.031246580 0.005144775 0.529569328 0.001330304 0.001207434 0.000641283 0.999998212
1786799305613939968.000000 -0.031931717 0.005318538 0.534534812 0.001397772 0.002316052 0.000582328 0.999996245
1786799305647286272.000000 -0.031127205 0.005394739 0.535751283 0.001434100 0.002026983 0.000712296 0.999996662
1786799305680677888.000000 -0.030926680 0.005359282 0.537107825 0.001238745 0.002047702 0.000809530 0.999996841
1786799305880683776.000000 -0.030478762 0.005411464 0.545232534 -0.000900362 0.001821610 0.000999275 0.999997437
1786799305913972224.000000 -0.030457629 0.005310596 0.546533346 -0.001373850 0.001661359 0.001015161 0.999997199
1786799305947356928.000000 -0.030548526 0.005178697 0.547944903 -0.001815507 0.001600012 0.001044196 0.999996543
1786799306280685312.000000 -0.030980464 0.005446255 0.561014235 -0.000769126 -0.000778001 0.001032123 0.999998868
1786799306547368960.000000 -0.031225838 0.004736581 0.571531355 0.001448572 -0.002903918 0.001030699 0.999994278
1786799306947417856.000000 -0.031161180 0.005028249 0.588041544 0.001250620 -0.004720369 0.001359348 0.999987185
1786799306980715008.000000 -0.030627895 0.004680125 0.589085102 0.000660333 -0.004886534 0.001596761 0.999986589
1786799307080718336.000000 -0.031079805 0.005692837 0.593841136 -0.000330342 -0.004496677 0.001453480 0.999988854
1786799307213979904.000000 -0.031179592 0.006000730 0.599264860 -0.001461644 -0.003643103 0.001425306 0.999991298
1786799307247444992.000000 -0.030846670 0.005695248 0.600336552 -0.001615613 -0.003499506 0.001431089 0.999991596
1786799307313970944.000000 -0.030712627 0.006104413 0.603648722 -0.001390347 -0.003019831 0.001639961 0.999993205
1786799307347380992.000000 -0.031330731 0.006513028 0.604786217 -0.000995702 -0.002433021 0.001436464 0.999995530
1786799307413947392.000000 -0.031117298 0.005742551 0.607851565 -0.001019611 -0.001963861 0.001416676 0.999996543
1786799307480654848.000000 -0.030888939 0.005764307 0.610112846 -0.000278156 -0.001545196 0.001389836 0.999997854
1786799307613998848.000000 -0.030675832 0.005828671 0.616010368 0.001105430 -0.000335820 0.001536409 0.999998152
1786799307947510272.000000 -0.030446280 0.005937383 0.629770398 0.002910790 0.001956211 0.001758238 0.999992311
1786799308180710912.000000 -0.030116955 0.006737414 0.639498293 0.001183770 0.002084716 0.001865583 0.999995470
1786799308247389952.000000 -0.029913655 0.006337235 0.642429590 -0.000150725 0.001785922 0.002000312 0.999996424
1786799308280740864.000000 -0.030274132 0.006282212 0.643406928 -0.000526767 0.001696571 0.001835806 0.999996781
1786799308314053888.000000 -0.030310275 0.006266238 0.644634008 -0.000921874 0.001545092 0.001977783 0.999996424
1786799308530801920.000000 -0.031553186 0.006753409 0.653114557 -0.001080045 0.000224019 0.001636619 0.999998033
1786799308580779008.000000 -0.031698234 0.006882971 0.655243039 -0.000652954 -0.000283882 0.001605129 0.999998510
1786799308880775936.000000 -0.032431189 0.006441375 0.667356551 0.002022276 -0.002995803 0.001788863 0.999991894
1786799308914081024.000000 -0.033098303 0.006711198 0.668874443 0.002518130 -0.003032988 0.001565119 0.999991059
1786799308980686848.000000 -0.033334706 0.006272351 0.671431541 0.002746247 -0.003448240 0.001599340 0.999989033
1786799309114036992.000000 -0.034134228 0.006939731 0.677304149 0.003418258 -0.004005020 0.001585447 0.999984920
1786799309214020864.000000 -0.033424098 0.007280023 0.681240082 0.003310890 -0.004798532 0.001800084 0.999981403
1786799309247373056.000000 -0.033105716 0.007336628 0.682732999 0.003047681 -0.005033108 0.001862830 0.999980986
1786799309514085376.000000 -0.032437425 0.006831544 0.694204986 -0.000869713 -0.004889477 0.001798552 0.999986053
1786799309547479040.000000 -0.032441474 0.006925111 0.695541620 -0.001119566 -0.004659350 0.001736314 0.999987066
1786799309647447040.000000 -0.033898521 0.006632295 0.699576199 -0.001495230 -0.003111439 0.001564430 0.999992907
1786799309680713216.000000 -0.033394538 0.006858960 0.700920880 -0.001210541 -0.003048023 0.001519544 0.999993503
1786799309880743936.000000 -0.032692760 0.006766320 0.709467709 0.000562393 -0.001350147 0.001725691 0.999997437
1786799309947417856.000000 -0.032835502 0.007346288 0.711658716 0.001699859 -0.000609688 0.001726606 0.999996901
1786799309980849920.000000 -0.032870427 0.006878025 0.713119745 0.001805101 -0.000247435 0.001642431 0.999997020
1786799310114095872.000000 -0.031954154 0.006369832 0.719184935 0.002672071 0.000613841 0.001978345 0.999994338
1786799310214059008.000000 -0.032530386 0.006706853 0.722932339 0.003513590 0.001724740 0.001902015 0.999990523
1786799310247421952.000000 -0.032070346 0.006675701 0.724638283 0.003620182 0.001730202 0.001978819 0.999990046
1786799310280796416.000000 -0.031969409 0.006216452 0.726156771 0.003342963 0.001842495 0.001913706 0.999990880
1786799310347464448.000000 -0.032288034 0.005726692 0.728710234 0.002999143 0.002312694 0.001996517 0.999990821
1786799310480730368.000000 -0.032117963 0.006868059 0.734307766 0.002756820 0.002527592 0.001875197 0.999991238
1786799311080734976.000000 -0.033163991 0.006830822 0.759354591 0.001178002 -0.001728039 0.001743585 0.999996305
1786799311380727040.000000 -0.034232009 0.006066012 0.772321045 0.003296217 -0.004140588 0.001565824 0.999984801
1786799311447446016.000000 -0.034447767 0.006118651 0.774945915 0.003474550 -0.004474451 0.001572276 0.999982774
1786799311614157824.000000 -0.034758136 0.006001845 0.781720817 0.002894331 -0.005108906 0.001432785 0.999981761
1786799311647435776.000000 -0.034874123 0.005759251 0.783423305 0.002283473 -0.005124783 0.001326527 0.999983430
1786799311680730112.000000 -0.034955442 0.006052565 0.784485221 0.002175560 -0.005075894 0.001325508 0.999983907
1786799311747437312.000000 -0.034290019 0.007248859 0.787471950 0.001751616 -0.005351948 0.001486486 0.999983072
1786799311914183168.000000 -0.034349557 0.007272261 0.794595420 -0.000689101 -0.004421369 0.001396055 0.999989033
1786799311947462912.000000 -0.033929840 0.007226882 0.795667887 -0.000954425 -0.004360090 0.001430088 0.999989092
1786799311980761344.000000 -0.034005158 0.007512646 0.796958506 -0.000906902 -0.003933948 0.001503115 0.999990702
1786799312014109184.000000 -0.034548484 0.007215945 0.798837066 -0.001132207 -0.003389703 0.001283960 0.999992788
1786799312180831232.000000 -0.034227092 0.007882613 0.804990947 0.000283227 -0.001676186 0.001543136 0.999997437
1786799312280803840.000000 -0.033417974 0.007744066 0.809520960 0.001114613 -0.000965346 0.001596727 0.999997616
1786799312314124032.000000 -0.032996111 0.007518689 0.811071575 0.001231186 -0.000823920 0.001581110 0.999997675
1786799312347472896.000000 -0.033138152 0.007736358 0.812534690 0.001759298 -0.000386104 0.001451641 0.999997318
1786799312414108160.000000 -0.032694478 0.007549700 0.815122962 0.002291498 0.000098066 0.001737113 0.999995887
1786799312447483904.000000 -0.032650158 0.007673037 0.816701710 0.002593332 0.000459368 0.001755700 0.999994993
1786799312514151936.000000 -0.032650996 0.007676374 0.819165766 0.003030330 0.001071541 0.001694395 0.999993443
1786799312980849152.000000 -0.032452233 0.008438261 0.838518500 0.000703052 0.002549023 0.001652027 0.999995172
1786799313147489024.000000 -0.033122391 0.007795852 0.845722795 -0.001533412 0.001544409 0.001301809 0.999996781
1786799313180877824.000000 -0.032609966 0.008204725 0.846717477 -0.001269337 0.001178594 0.001706713 0.999997079
1786799313214169856.000000 -0.033010624 0.008366777 0.848313034 -0.001199715 0.000978916 0.001464715 0.999997735
1786799313414148096.000000 -0.034077656 0.007765645 0.856703103 0.000089269 -0.000697431 0.001265760 0.999998987
1786799313447453952.000000 -0.034041438 0.008479816 0.858111084 0.000831816 -0.000967028 0.001377171 0.999998271
1786799313547522048.000000 -0.033433005 0.008271249 0.862313211 0.001869289 -0.002391905 0.001493777 0.999994278
1786799313580971008.000000 -0.034009162 0.008137900 0.863689482 0.002110962 -0.002331099 0.001523616 0.999993920
1786799313647495936.000000 -0.033741001 0.008219264 0.866328895 0.002892834 -0.003283494 0.001508952 0.999989331
1786799313714153984.000000 -0.033808615 0.007776062 0.868915617 0.003233004 -0.003834898 0.001492981 0.999986291
1786799313780838912.000000 -0.033469651 0.008060786 0.871756256 0.003748514 -0.004595855 0.001457269 0.999981403
1786799313914156288.000000 -0.033944286 0.008107033 0.877538085 0.003742698 -0.005032026 0.001434674 0.999979317
1786799314314198016.000000 -0.033450335 0.008737099 0.894460797 -0.000722956 -0.004404508 0.001543012 0.999988854
1786799314380912896.000000 -0.033281483 0.008763720 0.897018969 -0.000927941 -0.003924533 0.001556338 0.999990702
1786799314480921344.000000 -0.033088379 0.008849092 0.901395261 -0.000485174 -0.002856496 0.001692924 0.999994397
1786799314514147328.000000 -0.032946743 0.008667830 0.903048515 -0.000333087 -0.002604055 0.001661326 0.999995232
1786799314580819200.000000 -0.032860197 0.008688914 0.905609190 0.000370724 -0.001999386 0.001545793 0.999996781
1786799314614257408.000000 -0.032823220 0.008641767 0.907142580 0.000760264 -0.001607571 0.001561674 0.999997199
1786799314780827904.000000 -0.032343514 0.008696093 0.914175332 0.002616150 0.000036703 0.001745579 0.999995112
1786799314847505920.000000 -0.032420717 0.008455777 0.916834950 0.003014529 0.000672294 0.001661352 0.999993861
1786799314947462400.000000 -0.032056961 0.008320423 0.920930147 0.003553949 0.001357576 0.001700058 0.999991357
1786799315014293248.000000 -0.032033004 0.008644941 0.923758268 0.003985941 0.001805037 0.001756581 0.999988914
1786799315247531776.000000 -0.031931814 0.009114351 0.933561444 0.002846452 0.002535846 0.001724527 0.999991238
1786799315480860928.000000 -0.032105073 0.009717541 0.943100154 -0.000177714 0.001676042 0.002000357 0.999996603
1786799315514134272.000000 -0.032027133 0.009834888 0.944888294 -0.000402460 0.001168448 0.001933628 0.999997377
1786799315880865024.000000 -0.032663848 0.010001514 0.960065901 0.002023505 -0.002319358 0.001799918 0.999993682
1786799315947560960.000000 -0.033685673 0.009497732 0.962875485 0.002477084 -0.002498435 0.001659615 0.999992490
1786799316080874240.000000 -0.033417862 0.009294659 0.968611300 0.003379219 -0.003870229 0.001695251 0.999985397
1786799316114198272.000000 -0.033626337 0.009173100 0.970152259 0.003480129 -0.004113437 0.001455277 0.999984443
1786799316147481088.000000 -0.033677947 0.009135636 0.971827865 0.003513359 -0.004211621 0.001624578 0.999983668
1786799316347606272.000000 -0.034120925 0.008655555 0.980054379 0.002915188 -0.005126363 0.001759106 0.999981105
1786799316480926976.000000 -0.033858471 0.009271950 0.985232532 0.001811745 -0.005477190 0.001577862 0.999982119
1786799316547599360.000000 -0.033912096 0.009861478 0.988099575 0.001040928 -0.005219176 0.001498219 0.999984741
1786799316680953856.000000 -0.033607922 0.010574616 0.993419051 -0.000041495 -0.004371309 0.001610031 0.999989152
1786799316714180864.000000 -0.033383809 0.009992314 0.995151937 -0.000678998 -0.004255074 0.001759083 0.999989212
1786799316780816384.000000 -0.033507798 0.010114591 0.997869372 -0.000614138 -0.003525149 0.001642741 0.999992251
1786799316814189824.000000 -0.033112388 0.009730354 0.999154031 -0.000791708 -0.003336112 0.001674648 0.999992728
1786799316914227968.000000 -0.032881241 0.010052296 1.003369808 0.000190216 -0.002334030 0.001650754 0.999995947
1786799317114247424.000000 -0.033021092 0.009788165 1.012014031 0.002166453 -0.000136682 0.001678415 0.999996245
1786799317180892928.000000 -0.032627139 0.009503635 1.014674783 0.002600322 0.000391806 0.001771911 0.999994993
1786799317347613952.000000 -0.032001767 0.009291663 1.021209240 0.003667424 0.001673667 0.002013035 0.999989867
1786799317380866048.000000 -0.031925026 0.009611640 1.023233294 0.003703519 0.001634065 0.001862741 0.999990106
1786799317414204160.000000 -0.031641584 0.009276029 1.024238110 0.003582803 0.001806455 0.001997449 0.999989986
1786799317580929024.000000 -0.031946141 0.009445507 1.031080127 0.002861119 0.002737820 0.001837477 0.999990463
1786799317614212352.000000 -0.031957339 0.009680991 1.032160997 0.002649662 0.002733113 0.001776316 0.999991179
1786799317880999424.000000 -0.032367844 0.010458449 1.043750286 -0.000886898 0.001701356 0.001891388 0.999996364
1786799317980860928.000000 -0.032891989 0.010984420 1.048016071 -0.001341185 0.000869349 0.001738718 0.999997258
1786799318014273792.000000 -0.032718632 0.011131923 1.049228549 -0.001370024 0.000501710 0.001838458 0.999997258
1786799318047658240.000000 -0.032836366 0.010585101 1.050879002 -0.001616284 0.000143781 0.001843307 0.999997020
1786799318080924928.000000 -0.032443210 0.010991493 1.051956296 -0.001267652 -0.000466588 0.002071352 0.999996960
1786799318280857088.000000 -0.033426680 0.010274726 1.060670614 0.000257395 -0.002333047 0.001884954 0.999995470
1786799318447642368.000000 -0.033724047 0.009871025 1.067246914 0.002084284 -0.003728617 0.001920455 0.999989033
1786799318580904960.000000 -0.033758584 0.010211871 1.073041320 0.003233457 -0.004713681 0.001894601 0.999981880
1786799318614226432.000000 -0.033937488 0.010470241 1.074333906 0.003512964 -0.004917448 0.001772168 0.999980211
1786799318881010944.000000 -0.033884231 0.010456090 1.085396171 0.001711158 -0.005480412 0.001831999 0.999981880
1786799318914273024.000000 -0.034191161 0.010695186 1.087038875 0.001310671 -0.005082271 0.001979714 0.999984264
1786799318947518464.000000 -0.033750974 0.010720779 1.088100791 0.000847348 -0.005273820 0.001894743 0.999983966
1786799319114306816.000000 -0.033476233 0.010853779 1.095286131 -0.000337540 -0.004008740 0.001995152 0.999989986
1786799319280921856.000000 -0.033359721 0.010224464 1.102411032 0.000007905 -0.002435778 0.001769215 0.999995470
1786799319314262272.000000 -0.033123594 0.009765857 1.103856087 0.000026472 -0.002127010 0.001985627 0.999995828
1786799319380944896.000000 -0.033410974 0.009915397 1.106543422 0.000843520 -0.001165807 0.001995649 0.999996960
1786799319480970240.000000 -0.032778408 0.009784831 1.110685587 0.001816827 -0.000475048 0.001941631 0.999996364
1786799320147734272.000000 -0.032357216 0.011429342 1.138772368 0.000558611 0.002290356 0.001828888 0.999995589
1786799320180911360.000000 -0.032546461 0.011425566 1.139862895 0.000210368 0.002189002 0.001728004 0.999996126
1786799320214320896.000000 -0.033365004 0.011359962 1.141561985 -0.000331396 0.002268694 0.001553340 0.999996245
1786799320247580416.000000 -0.034194823 0.011314640 1.143220901 -0.000731603 0.002448145 0.001392665 0.999995828
1786799320380876032.000000 -0.033094615 0.011652280 1.148548245 -0.000650246 0.000617834 0.001869840 0.999997854
1786799320447636224.000000 -0.034228329 0.011413183 1.151250839 -0.000326335 0.000505321 0.001661274 0.999998510
1786799320514304256.000000 -0.034903057 0.011350012 1.153007746 0.000463525 0.000007576 0.001577438 0.999998689
1786799320614532352.000000 -0.034162093 0.011313479 1.157897353 0.001348954 -0.001509859 0.001675737 0.999996543
1786799320781021952.000000 -0.037175324 0.011066422 1.164413452 0.002831449 -0.001487044 0.001194916 0.999994218
1786799320814307840.000000 -0.040374700 0.010895743 1.164878011 0.003224748 -0.000238638 0.000559850 0.999994636
1786799320847574272.000000 -0.040967755 0.010804667 1.166638374 0.003393309 -0.000253849 0.000422060 0.999994159
1786799321014341120.000000 -0.039900124 0.010579133 1.173382401 0.003590999 -0.002169453 0.000715544 0.999990940
1786799321114285312.000000 -0.030107554 0.012064276 1.178198218 0.003864445 -0.008003415 0.002605231 0.999957144
1786799321147650304.000000 -0.029496910 0.012034820 1.179670572 0.003546845 -0.008509205 0.002650359 0.999954045
1786799321447598848.000000 -0.033888627 0.012180161 1.192281246 -0.000486547 -0.004635540 0.001850102 0.999987423
1786799321580964096.000000 -0.039554536 0.013228841 1.198566079 0.000103650 -0.000124706 0.000602646 0.999999821
1786799321614315008.000000 -0.040332448 0.013129634 1.199843884 0.000287815 0.000829591 0.000539502 0.999999464
1786799321647735040.000000 -0.033537004 0.012060676 1.201152444 -0.000140911 -0.002619893 0.001926316 0.999994695
1786799321747608064.000000 -0.033398449 0.011570773 1.205177784 0.000571009 -0.001616637 0.001934853 0.999996722
1786799321914285056.000000 -0.033180650 0.011471624 1.211912990 0.002344681 0.000137085 0.001897906 0.999995470
1786799322347651328.000000 -0.032007132 0.011367506 1.230236292 0.002973481 0.002494893 0.002082505 0.999990344
1786799322481022208.000000 -0.032191202 0.012302976 1.235876322 0.001459661 0.002489049 0.002149302 0.999993563
1786799323114369280.000000 -0.033602986 0.012306650 1.262288213 0.002759130 -0.003079717 0.001939052 0.999989569
1786799323231038976.000000 -0.033553720 0.011984166 1.267082214 0.003433468 -0.004251365 0.002048360 0.999983013
1786799323281033984.000000 -0.033836149 0.011767684 1.269365191 0.003538989 -0.004577083 0.002024302 0.999981225
1786799323481017088.000000 -0.034722738 0.011938420 1.277470946 0.003377912 -0.005321343 0.001713139 0.999978721
1786799323530998272.000000 -0.034642294 0.012210756 1.279698253 0.003117516 -0.005648207 0.001523179 0.999978065
1786799323580993792.000000 -0.034423616 0.012456889 1.282120228 0.002567095 -0.005676586 0.001740214 0.999979079
1786799323614334464.000000 -0.034331977 0.012594083 1.283403039 0.002150971 -0.005694093 0.001800423 0.999979854
1786799323964382208.000000 -0.034010693 0.012940327 1.298042774 -0.000823287 -0.003399472 0.001750369 0.999992371
1786799324080984064.000000 -0.033205122 0.012695323 1.303017497 -0.000028258 -0.002410310 0.002073877 0.999994993
1786799324714343424.000000 -0.033305004 0.012374843 1.329432845 0.003035492 0.002851702 0.001714065 0.999989867
1786799324847803392.000000 -0.033144452 0.012094348 1.334894896 0.000909047 0.002624467 0.001613014 0.999994874
1786799325031109376.000000 -0.033857014 0.012501579 1.342534184 -0.001004250 0.001874555 0.001651547 0.999996364
1786799325297726208.000000 -0.034144323 0.012835028 1.353815794 0.000578263 -0.000925194 0.001686282 0.999998033
1786799325347717376.000000 -0.035036903 0.013181445 1.355839252 0.001383682 -0.000896734 0.001771077 0.999997139
1786799325381034240.000000 -0.034600168 0.013404718 1.357300043 0.001898819 -0.001510767 0.001745626 0.999995589
1786799325414392320.000000 -0.034332637 0.013670556 1.358410478 0.002579402 -0.002063712 0.001820199 0.999992967
1786799325481004288.000000 -0.034442827 0.013627453 1.361723423 0.003093151 -0.002719374 0.001750764 0.999990046
1786799325564424960.000000 -0.034817789 0.013562214 1.365241885 0.003601824 -0.003263906 0.001828639 0.999986529
1786799325647715072.000000 -0.034869861 0.013046168 1.368890524 0.003814986 -0.004193761 0.001556378 0.999982715
1786799325681068288.000000 -0.034725096 0.013087854 1.369951606 0.004016141 -0.004573715 0.001502686 0.999980390
1786799325747706880.000000 -0.033878759 0.013097832 1.372626066 0.004066903 -0.005505815 0.001562686 0.999975383
1786799325897846272.000000 -0.032089561 0.012955311 1.378374577 0.003277887 -0.006933964 0.002157374 0.999968290
1786799325947757312.000000 -0.031566530 0.013107420 1.380126834 0.002707843 -0.007193943 0.002331052 0.999967754
1786799325981082880.000000 -0.034383081 0.013639596 1.383019090 0.002277420 -0.005881784 0.001744379 0.999978602
1786799326014387200.000000 -0.034121871 0.013695688 1.383950472 0.001796545 -0.005935487 0.001800630 0.999979138
1786799326047771904.000000 -0.033630650 0.013720626 1.385426641 0.001214463 -0.006091516 0.001866363 0.999979019
1786799326164439296.000000 -0.032360133 0.013743897 1.389250398 -0.000385361 -0.006099901 0.002238872 0.999978840
1786799326764466944.000000 -0.032879818 0.013788673 1.414962649 0.003075937 0.000714529 0.001912083 0.999993205
1786799326814395904.000000 -0.035723556 0.014636779 1.418517113 0.003682410 0.002560826 0.001100243 0.999989390
1786799326881088000.000000 -0.041521948 0.013993887 1.423031926 0.003320758 0.006407393 -0.000187861 0.999974012
1786799326914416384.000000 -0.034091782 0.014030857 1.422369123 0.003749771 0.002708283 0.001552052 0.999988139
1786799326947751168.000000 -0.034000278 0.013768572 1.423935890 0.003663847 0.003032802 0.001654068 0.999987364
1786799327181083904.000000 -0.033201918 0.013755444 1.432269692 0.004156580 0.004926922 0.001743386 0.999977708
1786799327214534400.000000 -0.033108447 0.013651714 1.433304310 0.003996459 0.005115693 0.001834802 0.999977291
1786799327947761920.000000 -0.034006108 0.013903668 1.464803338 0.003055059 -0.000639858 0.001882138 0.999993384
1786799328047806976.000000 -0.034089632 0.013281387 1.469379544 0.003760817 -0.002173285 0.002001901 0.999988616
1786799328081074944.000000 -0.034807470 0.013748663 1.470658541 0.004364201 -0.002494077 0.001825124 0.999985754
1786799328181144320.000000 -0.035207491 0.013352182 1.474349260 0.005182628 -0.003719363 0.001741207 0.999978185
1786799328281161984.000000 -0.035356995 0.013504549 1.478541732 0.005762447 -0.005085486 0.001846301 0.999968767
1786799328314470400.000000 -0.035171963 0.013162776 1.480260491 0.005653818 -0.005473963 0.001787741 0.999967515
1786799328514482944.000000 -0.034978077 0.014408186 1.488854885 0.005965173 -0.007253829 0.001759479 0.999954343
1786799328547797248.000000 -0.035227105 0.014612632 1.490268469 0.005846995 -0.007322677 0.001707868 0.999954641
1786799328581080320.000000 -0.035326693 0.014409997 1.491788626 0.005190493 -0.007401877 0.001741884 0.999957621
1786799328714471424.000000 -0.035997987 0.014331623 1.497762561 0.002528575 -0.006777991 0.001311847 0.999972999
1786799328747772928.000000 -0.036095001 0.014316914 1.498861670 0.001877868 -0.006571166 0.001392940 0.999975741
1786799328947806976.000000 -0.034753762 0.015400610 1.507298112 0.000622008 -0.005158978 0.001725420 0.999985039
1786799329014451968.000000 -0.033979040 0.015661096 1.510334849 0.001000889 -0.004657380 0.001821438 0.999987066
1786799329114532352.000000 -0.033249978 0.015508742 1.514284968 0.001750889 -0.003642612 0.001924030 0.999990046
1786799329181104896.000000 -0.033687200 0.015456558 1.516569257 0.002614819 -0.002455608 0.001785340 0.999992013
1786799329214539008.000000 -0.033821300 0.015261917 1.518296242 0.002818926 -0.001811726 0.001775326 0.999992847
1786799329247845888.000000 -0.033682618 0.015213410 1.519381046 0.003191089 -0.001435582 0.001791884 0.999992311
1786799329481115392.000000 -0.033779133 0.014870667 1.529018760 0.005265991 0.001897300 0.001829933 0.999982715
1786799329514720256.000000 -0.033326749 0.014667821 1.531065106 0.005168776 0.002067478 0.001886766 0.999982715
1786799329547857920.000000 -0.033168770 0.014712232 1.532484651 0.005355436 0.002362376 0.001917824 0.999981046
1786799329947849984.000000 -0.032889485 0.015122258 1.549203157 0.002323746 0.003760206 0.001901959 0.999988437
1786799330014499072.000000 -0.032679774 0.015514880 1.552236795 0.001216048 0.003175865 0.001831058 0.999992549
1786799330047881216.000000 -0.032581866 0.015419717 1.553480387 0.000630413 0.002809141 0.001925662 0.999994040
1786799330081162240.000000 -0.032516409 0.015805153 1.554882288 0.000559193 0.002467915 0.001959478 0.999994874
1786799330147883776.000000 -0.032791492 0.015695503 1.557866096 0.000013889 0.001985543 0.002086132 0.999995887
1786799330214433792.000000 -0.032432720 0.015578129 1.560230613 0.000030839 0.000931284 0.002119252 0.999997377
1786799330414546944.000000 -0.032751311 0.015256078 1.568963170 0.001525030 -0.001531440 0.002261316 0.999995112
1786799330481199360.000000 -0.033394508 0.015232019 1.571640134 0.002301119 -0.002070548 0.002275666 0.999992609
1786799330514507008.000000 -0.033743661 0.015325379 1.573098898 0.002706180 -0.002238777 0.002325861 0.999991179
1786799330547860992.000000 -0.034025911 0.015317929 1.574021697 0.003140692 -0.002573019 0.002125656 0.999989510
1786799330647778304.000000 -0.034929171 0.015520288 1.577990890 0.004264160 -0.003336868 0.001774893 0.999983788
1786799331114619904.000000 -0.034357287 0.015119593 1.597998142 0.001791497 -0.006466419 0.001613827 0.999976158
1786799331147911424.000000 -0.034225691 0.015184474 1.599382758 0.001112183 -0.006322206 0.001589917 0.999978125
1786799331614543872.000000 -0.033915225 0.015119602 1.618792176 0.000564548 -0.001755026 0.001660130 0.999996901
1786799331947885312.000000 -0.033198863 0.014341274 1.632860422 0.003474494 0.001730077 0.002056711 0.999990344
1786799332047857408.000000 -0.032727528 0.014506123 1.636579633 0.003911318 0.002155946 0.002115112 0.999987781
1786799332281257984.000000 -0.032830875 0.014720423 1.646457553 0.002258745 0.003169428 0.002174899 0.999990046
1786799332347842304.000000 -0.032569040 0.015471888 1.649135232 0.001578671 0.002836138 0.002121923 0.999992490
1786799332414538240.000000 -0.032981835 0.015628232 1.651982784 0.000301826 0.002806749 0.002134594 0.999993742
1786799332714497024.000000 -0.033312421 0.016038561 1.664266944 -0.000486948 -0.000022674 0.002046975 0.999997854
1786799332747844864.000000 -0.033398859 0.016190033 1.665683389 -0.000083789 -0.000462974 0.002192159 0.999997497
1786799332814574848.000000 -0.033574600 0.016246332 1.668592095 0.000632641 -0.001194985 0.002116638 0.999996841
1786799332914629888.000000 -0.033429045 0.016346652 1.672717571 0.001786737 -0.002475967 0.002258346 0.999992847
1786799333147891968.000000 -0.034356244 0.016478414 1.682114244 0.003574713 -0.004339428 0.002220912 0.999981761
1786799333214721792.000000 -0.034453664 0.016731970 1.684928536 0.003859254 -0.004948030 0.002197028 0.999977887
1786799333247908096.000000 -0.034731943 0.016693702 1.685952187 0.003852983 -0.005059863 0.002185948 0.999977410
1786799333448022016.000000 -0.034621403 0.017327171 1.694271684 0.003762511 -0.005956782 0.002633681 0.999971747
1786799333481265920.000000 -0.034712858 0.017632322 1.695568442 0.003564540 -0.005885156 0.002717474 0.999972641
1786799333514585344.000000 -0.034765199 0.017492507 1.697210312 0.003052522 -0.005786416 0.002815084 0.999974668
1786799333547902976.000000 -0.034674063 0.017399481 1.698213816 0.002612089 -0.005771898 0.002855618 0.999975920
1786799333714531072.000000 -0.034255229 0.016885096 1.705513954 0.000232705 -0.004926925 0.002915269 0.999983609
1786799333747855872.000000 -0.034489874 0.017218180 1.706656218 0.000323203 -0.004530666 0.002757834 0.999985933
1786799333947879936.000000 -0.034484692 0.017135458 1.714909792 0.001013474 -0.002280597 0.002411015 0.999994040
1786799334081264384.000000 -0.033541840 0.016962394 1.719845533 0.002284077 -0.001209778 0.002495760 0.999993563
1786799334147828224.000000 -0.033513360 0.017349329 1.722361326 0.003351167 -0.000397476 0.002596196 0.999991000
1786799334247931904.000000 -0.033583462 0.017204072 1.726725459 0.004116885 0.000709958 0.002376265 0.999988496
1786799334614547968.000000 -0.033421542 0.016758312 1.742985129 0.003482713 0.003114396 0.002332398 0.999986351
1786799334647870976.000000 -0.033533797 0.017285446 1.744324803 0.003425479 0.003186655 0.002306498 0.999986410
1786799335181249024.000000 -0.034497552 0.017556693 1.767134309 0.000546656 -0.000509668 0.002299231 0.999997079
1786799335247991040.000000 -0.034751274 0.017413881 1.769755006 0.001267275 -0.001121139 0.002355612 0.999995828
1786799335481241856.000000 -0.035017014 0.017672008 1.779550195 0.003624839 -0.003667851 0.002155310 0.999984384
1786799335514630400.000000 -0.035424996 0.017397130 1.780900717 0.003552859 -0.003771479 0.002033192 0.999984503
1786799335547922176.000000 -0.035533495 0.017421687 1.781913280 0.003830820 -0.004081131 0.001947762 0.999982476
1786799335747879936.000000 -0.035618048 0.017916160 1.790173769 0.003966718 -0.005472828 0.001905162 0.999975324
1786799335814579968.000000 -0.035744514 0.018069981 1.793193579 0.003449840 -0.005469175 0.001991200 0.999977112
1786799335947934208.000000 -0.035731554 0.017863793 1.798760653 0.001181048 -0.005404246 0.001793500 0.999983132
1786799335981303296.000000 -0.035900161 0.017740002 1.800103068 0.000390136 -0.005154506 0.001777120 0.999985099
1786799336014607872.000000 -0.035288680 0.018936068 1.801316619 0.000688658 -0.005257564 0.002171839 0.999983609
1786799336081257216.000000 -0.035415668 0.019078489 1.804122210 -0.000057025 -0.004690737 0.002079362 0.999986827
1786799336181263872.000000 -0.035170406 0.018654795 1.808719754 -0.000939186 -0.003866590 0.002228080 0.999989629
1786799336314665984.000000 -0.034690361 0.019104285 1.813792109 0.000222991 -0.002590423 0.002261514 0.999994040
1786799336481276928.000000 -0.034601096 0.018432636 1.820205927 0.001590994 -0.000846535 0.002171899 0.999996066
1786799336514648320.000000 -0.034537662 0.018373676 1.821891665 0.001867351 -0.000429269 0.002113493 0.999995947
1786799336681415936.000000 -0.033968069 0.017619031 1.828697085 0.002922135 0.000931984 0.002166239 0.999992967
1786799336981271296.000000 -0.034446653 0.018314432 1.841521859 0.003553774 0.003325794 0.002089350 0.999985993
1786799337014676992.000000 -0.034076273 0.018290874 1.842816710 0.003333827 0.003202168 0.002356784 0.999986589
1786799337114656256.000000 -0.034374394 0.019006249 1.846962571 0.002477013 0.003484685 0.002308135 0.999988198
1786799337214579968.000000 -0.034022242 0.019745888 1.850984812 0.001376106 0.002753234 0.002365809 0.999992490
1786799337348027904.000000 -0.034859981 0.019824089 1.856892586 0.000114563 0.002112025 0.002001711 0.999995768
1786799337381374976.000000 -0.034729511 0.020022985 1.858474851 0.000114399 0.001636877 0.002010293 0.999996662
1786799337414699008.000000 -0.034860604 0.019615553 1.859901786 -0.000025031 0.001307453 0.001973370 0.999997199
1786799337447889920.000000 -0.035034213 0.019841323 1.861305833 0.000169555 0.000970027 0.001949112 0.999997616
1786799337781268224.000000 -0.036486082 0.018899722 1.874926090 0.003139634 -0.001776884 0.001922225 0.999991655
1786799337881288960.000000 -0.035819050 0.018401103 1.879541159 0.003652355 -0.003212366 0.002082491 0.999985993
1786799337981270016.000000 -0.035649706 0.018723456 1.883624434 0.004456176 -0.004231323 0.002129493 0.999978900
1786799338014579968.000000 -0.035779960 0.019042218 1.884686351 0.004782780 -0.004258635 0.002161069 0.999977171
1786799338147980288.000000 -0.035226163 0.019537527 1.890241623 0.004852543 -0.005358357 0.002374386 0.999971092
1786799338281327360.000000 -0.036138482 0.018258993 1.896264791 0.002239519 -0.004979450 0.002132351 0.999982834
1786799338314712320.000000 -0.036449123 0.017989973 1.897794724 0.001409644 -0.004826346 0.001986030 0.999985397
1786799338347981824.000000 -0.035912715 0.018419795 1.899322629 0.001047548 -0.005128106 0.002112445 0.999984086
1786799338414733056.000000 -0.036609046 0.018793544 1.902522802 0.000024583 -0.004253427 0.002080662 0.999988854
1786799338881314304.000000 -0.035138063 0.019022426 1.921742678 0.001277773 -0.000312822 0.002134023 0.999996841
1786799338914755072.000000 -0.035044488 0.019326007 1.922854662 0.001985497 0.000065344 0.002102791 0.999995828
1786799339115257856.000000 -0.034666006 0.019029146 1.931107521 0.003412719 0.001876516 0.002204770 0.999989986
1786799339247965952.000000 -0.035305109 0.019257432 1.936648726 0.003876284 0.003314790 0.001965067 0.999985099
1786799339314709248.000000 -0.034847941 0.018514490 1.939751983 0.002986947 0.003425621 0.002250012 0.999987185
1786799339348026368.000000 -0.034700580 0.018637570 1.941103935 0.002905609 0.003368603 0.002097590 0.999987960
1786799339381343232.000000 -0.034272440 0.018747775 1.942677379 0.002661853 0.003218567 0.002257911 0.999988735
1786799339947986176.000000 -0.035257563 0.020452620 1.966091752 0.000312615 -0.000100290 0.002116399 0.999997735
1786799340014686976.000000 -0.035788059 0.020317761 1.968995571 0.000926223 -0.000490356 0.002055593 0.999997377
1786799340048016384.000000 -0.035894245 0.020034149 1.969968796 0.001158114 -0.000730656 0.002080463 0.999996960
1786799340148013056.000000 -0.036282256 0.019694541 1.974182248 0.001964873 -0.001785436 0.001763709 0.999994993
1786799340548088064.000000 -0.036126923 0.020243084 1.991021872 0.003724185 -0.005118506 0.001986405 0.999978006
1786799341048155904.000000 -0.043397453 0.019610522 2.012465954 0.006421135 -0.038553555 0.001960569 0.999234021
1786799341548002304.000000 -0.054767057 0.019358605 2.033600807 0.010012319 -0.086049423 0.001542905 0.996239364
1786799341981390336.000000 -0.065431111 0.019325422 2.051716328 0.011521527 -0.128725842 0.001389068 0.991612375
1786799342181387776.000000 -0.071085766 0.019310592 2.059831858 0.011798474 -0.149251595 0.001724787 0.988727391
1786799342314703104.000000 -0.074948020 0.019110339 2.065210581 0.011754161 -0.162769735 0.001639069 0.986592710
1786799342548030976.000000 -0.082749695 0.020237623 2.073761225 0.012945955 -0.186524078 0.001835347 0.982363403
1786799342681415936.000000 -0.087170057 0.019551922 2.078624487 0.012352888 -0.200754836 0.001645158 0.979562223
1786799342748131328.000000 -0.089679979 0.020034596 2.080620289 0.012835499 -0.207397819 0.002079122 0.978170276
1786799342781357056.000000 -0.091065794 0.020123694 2.081856012 0.012971850 -0.211267665 0.001894188 0.977340400
1786799342948092928.000000 -0.079221852 0.020105151 2.075461626 0.015003560 -0.230880111 0.000772876 0.972866237
1786799342948092928.000000 -0.079221852 0.020105151 2.075461626 0.015003560 -0.230880111 0.000772876 0.972866237
1786799342948092928.000000 -0.079221852 0.020105151 2.075461626 0.015003560 -0.230880111 0.000772876 0.972866237
1786799342948092928.000000 -0.079221852 0.020105151 2.075461626 0.015003560 -0.230880111 0.000772876 0.972866237
1786799342948092928.000000 -0.079221852 0.020105151 2.075461626 0.015003560 -0.230880111 0.000772876 0.972866237
1786799342948092928.000000 -0.079221852 0.020105151 2.075461626 0.015003560 -0.230880111 0.000772876 0.972866237
1786799342948092928.000000 -0.079221852 0.020105151 2.075461626 0.015003560 -0.230880111 0.000772876 0.972866237
1786799342948092928.000000 -0.079221852 0.020105151 2.075461626 0.015003560 -0.230880111 0.000772876 0.972866237
1786799342948092928.000000 -0.079221852 0.020105151 2.075461626 0.015003560 -0.230880111 0.000772876 0.972866237
1786799342948092928.000000 -0.079221852 0.020105151 2.075461626 0.015003560 -0.230880111 0.000772876 0.972866237
1786799342948092928.000000 -0.079221852 0.020105151 2.075461626 0.015003560 -0.230880111 0.000772876 0.972866237
1786799528918479872.000000 -0.143735155 -0.026442265 -0.371235967 0.012474583 0.255650580 -0.006187330 0.966668963
1786799529051790848.000000 -0.140560284 -0.026242744 -0.366227448 0.012772898 0.264813006 -0.005944053 0.964196861
1786799529085151232.000000 -0.131005451 -0.024656648 -0.383246601 0.013127476 0.260718971 -0.002970607 0.965320945
1786799529285205248.000000 -0.135735080 -0.026015624 -0.357522577 0.012856261 0.273712873 -0.005338358 0.961710751
1786799529318603008.000000 -0.134977877 -0.025887718 -0.356447220 0.012776665 0.274157256 -0.005339962 0.961585224
1786799529451795456.000000 -0.133461714 -0.025563624 -0.350966036 0.011424331 0.274312377 -0.004972203 0.961559951
1786799529485164288.000000 -0.133206606 -0.025298852 -0.349803507 0.010968053 0.273867339 -0.004960324 0.961692214
1786799529551791872.000000 -0.132635638 -0.025011681 -0.347026676 0.010261391 0.272252381 -0.004855243 0.962158918
1786799529585172224.000000 -0.132624701 -0.024652768 -0.345727861 0.010287608 0.271384060 -0.004891361 0.962403774
1786799529618490880.000000 -0.132318363 -0.024575219 -0.344264507 0.009990376 0.270095259 -0.004845841 0.962769628
1786799529651803136.000000 -0.132332280 -0.024572408 -0.342694461 0.009754603 0.268928856 -0.004755600 0.963098943
1786799529718491392.000000 -0.131805509 -0.024511652 -0.340219140 0.009676851 0.265849382 -0.004829405 0.963953912
1786799529885256960.000000 -0.131279886 -0.024179548 -0.333393067 0.009634486 0.257148623 -0.004774744 0.966312051
1786799530418530304.000000 -0.114043377 -0.014032021 -0.324050903 0.015541032 0.224856108 -0.003272373 0.974262536
1786799530485230080.000000 -0.122156046 -0.023923630 -0.338005990 0.009871410 0.223878279 -0.002276292 0.974564493
1786799530518661376.000000 -0.121537618 -0.024097165 -0.337018490 0.009826313 0.223196551 -0.002136301 0.974721611
1786799530753391360.000000 -0.120254673 -0.023536321 -0.300778836 0.008294668 0.226933241 -0.004475323 0.973864734
1786799530885172224.000000 -0.107687280 -0.024112687 -0.299217850 0.006134207 0.225891948 -0.001834631 0.974131346
1786799530918539008.000000 -0.107039079 -0.024143381 -0.298342854 0.006119702 0.226773396 -0.001706137 0.973926902
1786799531118585088.000000 -0.114274204 -0.023258548 -0.286910743 0.007684521 0.237504914 -0.004621613 0.971344948
1786799531151876096.000000 -0.113649666 -0.023136873 -0.286328822 0.008058493 0.238683894 -0.004655801 0.971052766
1786799531185216256.000000 -0.112871073 -0.023249939 -0.285262764 0.008195975 0.239983827 -0.004661874 0.970731080
1786799531251826944.000000 -0.112147637 -0.022996770 -0.282067984 0.008753329 0.242816374 -0.005168931 0.970019042
1786799531385251328.000000 -0.107780755 -0.023268078 -0.277889580 0.009160699 0.247205466 -0.004870150 0.968907535
1786799531518568960.000000 -0.103912666 -0.023236921 -0.274462581 0.009781634 0.250878274 -0.005064748 0.967955947
1786799532051892992.000000 -0.093374312 -0.023062890 -0.254943252 0.007582553 0.258043051 -0.004753782 0.966091990
1786799532251860992.000000 -0.091435462 -0.023236297 -0.246654436 0.004552488 0.255782068 -0.004555466 0.966713130
1786799532385235968.000000 -0.088166334 -0.022499746 -0.242165819 0.005681030 0.252160221 -0.004864094 0.967656612
1786799532718588416.000000 -0.083130993 -0.022947986 -0.229437903 0.007485548 0.244475573 -0.005814082 0.969609141
1786799533118580992.000000 -0.075502641 -0.023481594 -0.214714497 0.007705524 0.238630399 -0.006094058 0.971060753
1786799533151895040.000000 -0.074988119 -0.023782700 -0.213488638 0.007220475 0.238497138 -0.006139182 0.971096992
1786799533185265920.000000 -0.074043214 -0.023419114 -0.213271379 0.007250744 0.238048121 -0.006036821 0.971207559
1786799533285135360.000000 -0.071970269 -0.022999320 -0.210006341 0.005688017 0.238148183 -0.005391052 0.971197248
1786799533551863296.000000 -0.067808881 -0.022897327 -0.203029841 0.003151554 0.241712868 -0.004977069 0.970329940
1786799533685233408.000000 -0.064983785 -0.023151364 -0.199701667 0.003900120 0.243863985 -0.005201915 0.969787657
1786799533751878144.000000 -0.063175142 -0.023268372 -0.198024303 0.004417860 0.244918346 -0.005337166 0.969518960
1786799533985297920.000000 -0.054473225 -0.023510812 -0.186177149 0.006388750 0.249045968 -0.006053992 0.968451679
1786799534118642432.000000 -0.052723296 -0.023495430 -0.181681633 0.007280635 0.251726508 -0.006624961 0.967748344
1786799534185218048.000000 -0.051309913 -0.023555504 -0.179971397 0.007547159 0.252537310 -0.006660770 0.967534840
1786799534451990016.000000 -0.043251529 -0.023381613 -0.170316055 0.006424408 0.253692120 -0.006080128 0.967244625
1786799534485257984.000000 -0.042868614 -0.023317344 -0.168971628 0.005877552 0.253965378 -0.005833841 0.967177927
1786799534518602240.000000 -0.041950077 -0.023481496 -0.168088287 0.005223730 0.253816277 -0.005515440 0.967222631
1786799534618506240.000000 -0.040973868 -0.022743504 -0.165158927 0.003575536 0.253714293 -0.005439814 0.967257380
1786799534651900416.000000 -0.040080998 -0.023001518 -0.164622605 0.002886044 0.253195733 -0.004970209 0.967398047
1786799534718606848.000000 -0.039233495 -0.023287592 -0.162625372 0.001900295 0.252647966 -0.004684232 0.967545152
1786799534751819008.000000 -0.038641676 -0.023356792 -0.161701962 0.001579657 0.252256036 -0.004595518 0.967648387
1786799534785392384.000000 -0.036516257 -0.022910245 -0.157818824 0.001593048 0.251748741 -0.004723451 0.967779815
1786799534885338368.000000 -0.034619417 -0.023037186 -0.155101985 0.001786434 0.250237346 -0.004690698 0.968171537
1786799534918554368.000000 -0.033627722 -0.022860102 -0.153311312 0.002079792 0.249837562 -0.004816266 0.968273580
1786799534951934464.000000 -0.032940000 -0.023066645 -0.152386844 0.002171119 0.249387816 -0.004686280 0.968389988
1786799535018668800.000000 -0.031766236 -0.023068184 -0.150773078 0.002748131 0.248132557 -0.004970622 0.968709469
1786799535085273856.000000 -0.030169733 -0.022668710 -0.147454306 0.003559003 0.247376487 -0.005214758 0.968898892
1786799535118698240.000000 -0.029836832 -0.022846859 -0.146607712 0.003768472 0.246950686 -0.005423743 0.969005525
1786799535285267968.000000 -0.026551582 -0.022660792 -0.140280321 0.005074961 0.244747788 -0.005690143 0.969556808
1786799535385345280.000000 -0.024854815 -0.022696283 -0.137466639 0.005471400 0.243561029 -0.005838370 0.969852626
1786799535418665216.000000 -0.024511132 -0.022585928 -0.137003571 0.005812544 0.243277073 -0.005821863 0.969922006
1786799535452013312.000000 -0.023784215 -0.022309383 -0.135949835 0.005857073 0.242834985 -0.006038581 0.970031202
1786799535518661888.000000 -0.021801133 -0.022143031 -0.132111847 0.005758887 0.242510706 -0.005937817 0.970113456
1786799535652005888.000000 -0.019634407 -0.021942290 -0.128352985 0.004948352 0.241889670 -0.005733466 0.970274270
1786799536185401856.000000 -0.007394676 -0.020896904 -0.109866165 0.001885741 0.245952144 -0.004754446 0.969268501
1786799536318882304.000000 -0.004745955 -0.021058610 -0.106757417 0.003173525 0.247342318 -0.005081066 0.968909681
1786799536385339904.000000 -0.003057158 -0.021631885 -0.103360608 0.003457959 0.248332888 -0.005314591 0.968654037
1786799536518771200.000000 -0.000804175 -0.022100208 -0.099713959 0.004346230 0.250032336 -0.005415087 0.968212664
1786799536618693120.000000 0.002340742 -0.022477709 -0.095240541 0.004815312 0.250869066 -0.005584864 0.967992961
1786799537285259008.000000 0.015886603 -0.021269804 -0.070989773 0.000550473 0.250434011 -0.004287784 0.968124032
1786799537318681344.000000 0.016546650 -0.021186242 -0.069971129 0.000685665 0.249945417 -0.004457870 0.968249440
1786799537418736896.000000 0.017799485 -0.021214813 -0.067120478 0.001482009 0.248919100 -0.004561152 0.968512475
1786799537452816896.000000 0.019364601 -0.021509262 -0.064913288 0.001706799 0.248389572 -0.004453366 0.968648493
1786799537518592000.000000 0.020418203 -0.021552760 -0.063450634 0.002432792 0.247508526 -0.004658759 0.968871534
1786799537785305344.000000 0.023485269 -0.022241566 -0.051592179 0.005031828 0.235078871 -0.005550767 0.971947432
1786799537985368320.000000 0.024637192 -0.022699844 -0.042102855 0.006407867 0.216766015 -0.005918200 0.976184607
1786799538018668288.000000 0.024465285 -0.023333691 -0.040366348 0.006227479 0.213022515 -0.006061328 0.977008700
1786799538051950336.000000 0.024488151 -0.023450039 -0.039359443 0.006383087 0.210108608 -0.006158016 0.977637827
1786799538118671872.000000 0.024729023 -0.023432164 -0.037048034 0.006766167 0.203812554 -0.006188724 0.978967011
1786799538185362944.000000 0.025126334 -0.023077462 -0.032238506 0.007367243 0.196661174 -0.006468765 0.980422497
1786799538385440000.000000 0.025593268 -0.023240278 -0.022303840 0.008092909 0.176523358 -0.006787405 0.984239817
1786799538418693376.000000 0.025602879 -0.023215912 -0.021225886 0.008240025 0.172990128 -0.006903038 0.984864950
1786799538552032000.000000 0.025338748 -0.024076607 -0.014091494 0.008086726 0.159816757 -0.006926745 0.987089276
1786799538851984384.000000 0.025188487 -0.024998294 -0.000101881 0.008550018 0.127621576 -0.007011024 0.991761327
1786799539118697216.000000 0.024090925 -0.025395006 0.012438709 0.008964267 0.098722219 -0.006889138 0.995050848
1786799539152019968.000000 0.023710301 -0.025139367 0.013618005 0.009198962 0.095183253 -0.006999221 0.995392740
1786799539618781952.000000 0.056094941 -0.019423220 0.032882582 0.013117539 0.025913384 -0.000394806 0.999578059
1786799539652039936.000000 0.055471849 -0.019567603 0.034409668 0.013083435 0.021863990 -0.000450065 0.999675274
1786799539885323008.000000 0.049096365 -0.019410592 0.046978615 0.012844791 -0.002522957 -0.000958148 0.999913931
1786799540051979008.000000 0.041576695 -0.020936176 0.051769670 0.012358577 -0.019016532 -0.000782653 0.999742508
1786799540085423104.000000 0.025528783 -0.020551629 0.062855780 0.012193508 -0.018225221 -0.002278964 0.999756932
1786799540118691840.000000 0.013348506 -0.021992251 0.062491447 0.011483286 -0.014257430 -0.004567316 0.999822021
1786799540152032256.000000 0.011038397 -0.022138303 0.063755728 0.011398551 -0.017246434 -0.004956614 0.999774039
1786799540218784000.000000 0.009402558 -0.021854650 0.067291625 0.011481835 -0.024524074 -0.005253412 0.999619544
1786799540652049920.000000 0.003374751 -0.019224040 0.091748863 0.013245349 -0.082712695 -0.002333235 0.996482670
1786799540718675200.000000 0.001234240 -0.019055119 0.094694667 0.013466137 -0.090866596 -0.002043785 0.995769978
1786799540918773248.000000 -0.005754394 -0.018593110 0.104461528 0.013909577 -0.115358017 -0.001356755 0.993225694
1786799540985368320.000000 -0.005613025 -0.018840564 0.105297133 0.014094222 -0.125235751 -0.000972757 0.992026389
1786799541018845440.000000 -0.005937773 -0.018763097 0.105812192 0.014278400 -0.129387274 -0.000491973 0.991491258
1786799541318812160.000000 -0.005452557 -0.018518392 0.106010437 0.016355356 -0.169689998 0.003750801 0.985354602
1786799541452045824.000000 0.030761074 -0.034693792 0.147465229 0.004713223 -0.202648759 0.011377906 0.979174018
1786799541452045824.000000 0.030761074 -0.034693792 0.147465229 0.004713223 -0.202648759 0.011377906 0.979174018
1786799541452045824.000000 0.030761074 -0.034693792 0.147465229 0.004713223 -0.202648759 0.011377906 0.979174018
1786799541452045824.000000 0.030761074 -0.034693792 0.147465229 0.004713223 -0.202648759 0.011377906 0.979174018
1786799541452045824.000000 0.030761074 -0.034693792 0.147465229 0.004713223 -0.202648759 0.011377906 0.979174018
1786799541452045824.000000 0.030761074 -0.034693792 0.147465229 0.004713223 -0.202648759 0.011377906 0.979174018
1786799541452045824.000000 0.030761074 -0.034693792 0.147465229 0.004713223 -0.202648759 0.011377906 0.979174018
1786799541452045824.000000 0.030761074 -0.034693792 0.147465229 0.004713223 -0.202648759 0.011377906 0.979174018
1786799541452045824.000000 0.030761074 -0.034693792 0.147465229 0.004713223 -0.202648759 0.011377906 0.979174018
1786799541452045824.000000 0.030761074 -0.034693792 0.147465229 0.004713223 -0.202648759 0.011377906 0.979174018
1786799541452045824.000000 0.030761074 -0.034693792 0.147465229 0.004713223 -0.202648759 0.011377906 0.979174018
1786799541452045824.000000 0.030761074 -0.034693792 0.147465229 0.004713223 -0.202648759 0.011377906 0.979174018
1786799541452045824.000000 0.030761074 -0.034693792 0.147465229 0.004713223 -0.202648759 0.011377906 0.979174018
1786799541452045824.000000 0.030761074 -0.034693792 0.147465229 0.004713223 -0.202648759 0.011377906 0.979174018
1786799541452045824.000000 0.030761074 -0.034693792 0.147465229 0.004713223 -0.202648759 0.011377906 0.979174018
1786799541452045824.000000 0.030761074 -0.034693792 0.147465229 0.004713223 -0.202648759 0.011377906 0.979174018
1786799541452045824.000000 0.030761074 -0.034693792 0.147465229 0.004713223 -0.202648759 0.011377906 0.979174018
1786799541452045824.000000 0.030761074 -0.034693792 0.147465229 0.004713223 -0.202648759 0.011377906 0.979174018
1786799541452045824.000000 0.030761074 -0.034693792 0.147465229 0.004713223 -0.202648759 0.011377906 0.979174018
1786799541452045824.000000 0.030761074 -0.034693792 0.147465229 0.004713223 -0.202648759 0.011377906 0.979174018
1786799541452045824.000000 0.030761074 -0.034693792 0.147465229 0.004713223 -0.202648759 0.011377906 0.979174018
1786799541452045824.000000 0.030761074 -0.034693792 0.147465229 0.004713223 -0.202648759 0.011377906 0.979174018
1786799541452045824.000000 0.030761074 -0.034693792 0.147465229 0.004713223 -0.202648759 0.011377906 0.979174018
1786799541452045824.000000 0.030761074 -0.034693792 0.147465229 0.004713223 -0.202648759 0.011377906 0.979174018
