1786799291113799936.000000 0.000000000 0.000000000 0.000000000 -0.000000000 -0.000000000 -0.000000000 1.000000000
1786799292913744896.000000 0.008991139 0.001451646 0.063783146 -0.001962583 -0.003414785 0.000639089 0.999992073
1786799293130362368.000000 0.009422548 0.001256800 0.071668506 -0.001539335 -0.001719985 0.000532511 0.999997199
1786799293647220992.000000 0.011255384 0.001357768 0.091849804 0.001940281 0.001677111 0.000520950 0.999996603
1786799293897267456.000000 0.012082336 0.001548515 0.101951152 0.000400608 0.001844107 0.000752833 0.999997973
1786799294213850368.000000 0.012151090 0.001477741 0.114136428 -0.001640107 0.000341848 0.001081890 0.999998033
1786799295180506880.000000 0.011642751 0.002569991 0.154086575 -0.000428519 -0.004217906 0.001186135 0.999990344
1786799295547155200.000000 0.011923121 0.002388161 0.169169232 -0.000225742 -0.001363498 0.001228167 0.999998331
1786799295830600960.000000 0.011261011 0.002312885 0.180631831 0.002548935 0.001063547 0.000327376 0.999996126
1786799296480482048.000000 0.001041826 0.003001239 0.207231939 -0.000703219 0.001059580 -0.001417980 0.999998212
1786799296730485248.000000 -0.005365444 0.002581799 0.217179835 -0.000651049 -0.000834514 0.000799021 0.999999106
1786799296913826816.000000 -0.010883730 0.002274959 0.224085703 0.000101666 -0.002288231 0.002258646 0.999994814
1786799297313846016.000000 -0.023005730 0.002790605 0.238595083 0.000046656 -0.004309563 0.003265209 0.999985397
1786799297880620288.000000 -0.040896069 0.002357964 0.259642214 0.000774849 -0.001910072 0.001510651 0.999996781
1786799298330586880.000000 -0.054955821 0.002592105 0.276057810 0.001649219 0.001206460 0.006007049 0.999979913
1786799299247160320.000000 -0.068512663 0.003058009 0.306065649 -0.000800596 -0.001830711 0.006052355 0.999979734
1786799299447216384.000000 -0.069897443 0.003218796 0.312623441 0.000378351 -0.002952929 0.005661835 0.999979556
1786799299980762368.000000 -0.069782972 0.003612245 0.332759023 -0.002064155 -0.003815121 0.003423908 0.999984741
1786799300563958272.000000 -0.065202765 0.003551372 0.354680687 0.000702354 0.000100029 0.001868454 0.999998033
1786799300913913856.000000 -0.061603229 0.003684890 0.367671549 0.001311413 0.001612950 0.001360918 0.999996901
1786799301380718336.000000 -0.057830647 0.004747711 0.384110838 -0.001493146 0.000094257 0.001158609 0.999998212
1786799301480550400.000000 -0.057055559 0.004645023 0.387540936 -0.001115729 -0.000716012 0.000780058 0.999998808
1786799301680569856.000000 -0.055663072 0.004829083 0.394211024 0.000433287 -0.002075416 0.000149773 0.999997735
1786799302480787968.000000 -0.048312642 0.004812787 0.422215849 -0.002214530 -0.003195765 0.000592676 0.999992311
1786799302747372032.000000 -0.045773696 0.005146005 0.430958390 -0.000781322 -0.001250166 -0.000004209 0.999998927
1786799303580732416.000000 -0.038690630 0.004583491 0.460490286 -0.001832508 0.001162942 0.000569297 0.999997497
1786799303780667392.000000 -0.037934948 0.004675862 0.467275500 -0.001946354 0.000061061 0.000480443 0.999998033
1786799304013939200.000000 -0.036609896 0.004303333 0.475741476 -0.000482999 -0.001845057 0.000317198 0.999998152
1786799304447295232.000000 -0.034816906 0.004239759 0.491111368 0.001006818 -0.004333863 0.000417054 0.999990046
1786799304580652288.000000 -0.034250278 0.004716277 0.496213913 0.000217624 -0.004502961 0.000601380 0.999989688
1786799305280670208.000000 -0.030958647 0.005246997 0.522171617 0.000228456 -0.000504400 0.000892248 0.999999464
1786799305480717056.000000 -0.031246576 0.005144775 0.529569328 0.001330304 0.001207434 0.000641283 0.999998212
1786799305647286272.000000 -0.031127205 0.005394740 0.535751224 0.001434100 0.002026983 0.000712296 0.999996662
1786799305880683776.000000 -0.030478761 0.005411464 0.545232594 -0.000900362 0.001821610 0.000999275 0.999997437
1786799306280685312.000000 -0.030980464 0.005446255 0.561014295 -0.000769126 -0.000778001 0.001032123 0.999998868
1786799307213979904.000000 -0.031179592 0.006000730 0.599264860 -0.001461644 -0.003643103 0.001425306 0.999991298
1786799307413947392.000000 -0.031117300 0.005742551 0.607851624 -0.001019611 -0.001963861 0.001416676 0.999996543
1786799307613998848.000000 -0.030675830 0.005828671 0.616010427 0.001105430 -0.000335820 0.001536409 0.999998152
1786799307947510272.000000 -0.030446280 0.005937384 0.629770398 0.002910790 0.001956211 0.001758238 0.999992311
1786799308530801920.000000 -0.031553190 0.006753409 0.653114617 -0.001080045 0.000224019 0.001636619 0.999998033
1786799308880775936.000000 -0.032431185 0.006441375 0.667356610 0.002022276 -0.002995803 0.001788863 0.999991894
1786799309514085376.000000 -0.032437425 0.006831544 0.694204986 -0.000869713 -0.004889477 0.001798552 0.999986053
1786799309680713216.000000 -0.033394542 0.006858960 0.700920880 -0.001210541 -0.003048023 0.001519544 0.999993503
1786799309880743936.000000 -0.032692760 0.006766320 0.709467709 0.000562393 -0.001350147 0.001725692 0.999997437
1786799310114095872.000000 -0.031954154 0.006369833 0.719184875 0.002672071 0.000613841 0.001978345 0.999994338
1786799310280796416.000000 -0.031969409 0.006216452 0.726156771 0.003342963 0.001842495 0.001913706 0.999990880
1786799310480730368.000000 -0.032117963 0.006868059 0.734307706 0.002756820 0.002527592 0.001875197 0.999991238
1786799311080734976.000000 -0.033163991 0.006830822 0.759354591 0.001178002 -0.001728039 0.001743585 0.999996305
1786799311380727040.000000 -0.034232009 0.006066011 0.772321045 0.003296217 -0.004140588 0.001565824 0.999984801
1786799311614157824.000000 -0.034758139 0.006001845 0.781720817 0.002894331 -0.005108906 0.001432785 0.999981761
1786799311914183168.000000 -0.034349557 0.007272261 0.794595361 -0.000689101 -0.004421369 0.001396055 0.999989033
1786799312280803840.000000 -0.033417970 0.007744066 0.809521019 0.001114613 -0.000965346 0.001596727 0.999997616
1786799312514151936.000000 -0.032650996 0.007676374 0.819165766 0.003030330 0.001071541 0.001694395 0.999993443
1786799312980849152.000000 -0.032452233 0.008438261 0.838518441 0.000703052 0.002549023 0.001652027 0.999995172
1786799313214169856.000000 -0.033010628 0.008366777 0.848313034 -0.001199715 0.000978916 0.001464715 0.999997735
1786799313547522048.000000 -0.033433005 0.008271249 0.862313271 0.001869289 -0.002391905 0.001493777 0.999994278
1786799313914156288.000000 -0.033944286 0.008107034 0.877538085 0.003742698 -0.005032026 0.001434674 0.999979317
1786799314314198016.000000 -0.033450335 0.008737099 0.894460738 -0.000722956 -0.004404508 0.001543012 0.999988854
1786799314580819200.000000 -0.032860201 0.008688915 0.905609190 0.000370724 -0.001999386 0.001545793 0.999996781
1786799314847505920.000000 -0.032420717 0.008455778 0.916835010 0.003014529 0.000672294 0.001661352 0.999993861
1786799315247531776.000000 -0.031931814 0.009114349 0.933561444 0.002846452 0.002535846 0.001724527 0.999991238
1786799315880865024.000000 -0.032663852 0.010001514 0.960065901 0.002023505 -0.002319358 0.001799918 0.999993682
1786799316080874240.000000 -0.033417858 0.009294659 0.968611300 0.003379219 -0.003870229 0.001695251 0.999985397
1786799316480926976.000000 -0.033858471 0.009271950 0.985232472 0.001811745 -0.005477190 0.001577862 0.999982119
1786799316780816384.000000 -0.033507802 0.010114591 0.997869372 -0.000614138 -0.003525149 0.001642741 0.999992251
1786799317114247424.000000 -0.033021092 0.009788166 1.012013912 0.002166453 -0.000136682 0.001678415 0.999996245
1786799317580929024.000000 -0.031946145 0.009445508 1.031080008 0.002861119 0.002737820 0.001837477 0.999990463
1786799317880999424.000000 -0.032367840 0.010458449 1.043750405 -0.000886898 0.001701356 0.001891388 0.999996364
1786799318080924928.000000 -0.032443210 0.010991491 1.051956177 -0.001267652 -0.000466588 0.002071352 0.999996960
1786799318580904960.000000 -0.033758581 0.010211870 1.073041439 0.003233457 -0.004713681 0.001894601 0.999981880
1786799318881010944.000000 -0.033884231 0.010456090 1.085396171 0.001711158 -0.005480412 0.001831999 0.999981880
1786799319280921856.000000 -0.033359721 0.010224463 1.102411151 0.000007905 -0.002435778 0.001769215 0.999995470
1786799319480970240.000000 -0.032778405 0.009784831 1.110685587 0.001816827 -0.000475048 0.001941631 0.999996364
1786799320147734272.000000 -0.032357216 0.011429342 1.138772368 0.000558611 0.002290356 0.001828888 0.999995589
1786799320380876032.000000 -0.033094615 0.011652280 1.148548245 -0.000650246 0.000617834 0.001869840 0.999997854
1786799320614532352.000000 -0.034162089 0.011313479 1.157897234 0.001348954 -0.001509859 0.001675737 0.999996543
1786799321447598848.000000 -0.033888627 0.012180161 1.192281246 -0.000486547 -0.004635540 0.001850102 0.999987423
1786799321647735040.000000 -0.033537004 0.012060676 1.201152325 -0.000140911 -0.002619893 0.001926316 0.999994695
1786799321914285056.000000 -0.033180647 0.011471624 1.211912990 0.002344681 0.000137085 0.001897906 0.999995470
1786799322347651328.000000 -0.032007128 0.011367505 1.230236411 0.002973481 0.002494893 0.002082505 0.999990344
1786799323114369280.000000 -0.033602986 0.012306652 1.262288213 0.002759130 -0.003079717 0.001939052 0.999989569
1786799323580993792.000000 -0.034423612 0.012456891 1.282120109 0.002567095 -0.005676586 0.001740214 0.999979079
1786799323964382208.000000 -0.034010693 0.012940327 1.298042655 -0.000823287 -0.003399472 0.001750369 0.999992371
1786799324714343424.000000 -0.033305004 0.012374843 1.329432845 0.003035492 0.002851702 0.001714065 0.999989867
1786799325297726208.000000 -0.034144320 0.012835029 1.353815794 0.000578263 -0.000925194 0.001686282 0.999998033
1786799325647715072.000000 -0.034869857 0.013046168 1.368890524 0.003814986 -0.004193761 0.001556378 0.999982715
1786799325981082880.000000 -0.034383081 0.013639596 1.383019090 0.002277420 -0.005881784 0.001744379 0.999978602
1786799326764466944.000000 -0.032879818 0.013788675 1.414962649 0.003075937 0.000714529 0.001912083 0.999993205
1786799327181083904.000000 -0.033201918 0.013755444 1.432269692 0.004156580 0.004926922 0.001743386 0.999977708
1786799327947761920.000000 -0.034006111 0.013903668 1.464803457 0.003055059 -0.000639858 0.001882138 0.999993384
1786799328514482944.000000 -0.034978077 0.014408186 1.488854885 0.005965173 -0.007253829 0.001759479 0.999954343
1786799328947806976.000000 -0.034753762 0.015400610 1.507298112 0.000622008 -0.005158978 0.001725420 0.999985039
1786799329214539008.000000 -0.033821296 0.015261917 1.518296123 0.002818926 -0.001811726 0.001775326 0.999992847
1786799329514720256.000000 -0.033326749 0.014667821 1.531065106 0.005168776 0.002067478 0.001886766 0.999982715
1786799329947849984.000000 -0.032889485 0.015122258 1.549203157 0.002323746 0.003760207 0.001901959 0.999988437
1786799330414546944.000000 -0.032751307 0.015256078 1.568963289 0.001525030 -0.001531440 0.002261316 0.999995112
1786799331114619904.000000 -0.034357287 0.015119593 1.597998142 0.001791497 -0.006466419 0.001613827 0.999976158
1786799331614543872.000000 -0.033915222 0.015119603 1.618792057 0.000564548 -0.001755026 0.001660130 0.999996901
1786799332047857408.000000 -0.032727528 0.014506122 1.636579752 0.003911318 0.002155946 0.002115112 0.999987781
1786799332414538240.000000 -0.032981839 0.015628234 1.651982784 0.000301826 0.002806749 0.002134594 0.999993742
1786799332747844864.000000 -0.033398859 0.016190035 1.665683270 -0.000083789 -0.000462974 0.002192159 0.999997497
1786799333147891968.000000 -0.034356244 0.016478416 1.682114124 0.003574713 -0.004339428 0.002220912 0.999981761
1786799333448022016.000000 -0.034621399 0.017327173 1.694271803 0.003762511 -0.005956782 0.002633681 0.999971747
1786799333714531072.000000 -0.034255229 0.016885096 1.705513954 0.000232705 -0.004926925 0.002915269 0.999983609
1786799334614547968.000000 -0.033421539 0.016758312 1.742985129 0.003482713 0.003114396 0.002332398 0.999986351
1786799335481241856.000000 -0.035017010 0.017672008 1.779550195 0.003624839 -0.003667851 0.002155310 0.999984384
1786799336081257216.000000 -0.035415664 0.019078489 1.804122210 -0.000057025 -0.004690737 0.002079362 0.999986827
1786799336981271296.000000 -0.034446653 0.018314430 1.841521978 0.003553774 0.003325794 0.002089350 0.999985993
1786799337348027904.000000 -0.034859985 0.019824089 1.856892586 0.000114563 0.002112025 0.002001711 0.999995768
1786799337881288960.000000 -0.035819050 0.018401105 1.879541278 0.003652355 -0.003212366 0.002082491 0.999985993
1786799338347981824.000000 -0.035912715 0.018419795 1.899322629 0.001047548 -0.005128106 0.002112445 0.999984086
1786799338881314304.000000 -0.035138063 0.019022426 1.921742678 0.001277773 -0.000312822 0.002134023 0.999996841
1786799339381343232.000000 -0.034272436 0.018747773 1.942677379 0.002661853 0.003218567 0.002257911 0.999988735
1786799339947986176.000000 -0.035257567 0.020452620 1.966091633 0.000312615 -0.000100290 0.002116399 0.999997735
1786799340548088064.000000 -0.036126923 0.020243078 1.991021991 0.003724185 -0.005118506 0.001986405 0.999978006
1786799341048155904.000000 -0.043397438 0.019610522 2.012465715 0.006421135 -0.038553555 0.001960569 0.999234021
1786799341548002304.000000 -0.054767087 0.019358601 2.033600807 0.010012319 -0.086049423 0.001542905 0.996239364
1786799341981390336.000000 -0.065431058 0.019325430 2.051716328 0.011521527 -0.128725842 0.001389069 0.991612375
1786799342181387776.000000 -0.071085706 0.019310595 2.059831858 0.011798474 -0.149251595 0.001724786 0.988727391
1786799342548030976.000000 -0.082749754 0.020237627 2.073761225 0.012945955 -0.186524078 0.001835347 0.982363403
1786799342748131328.000000 -0.089680046 0.020034593 2.080620289 0.012835499 -0.207397819 0.002079122 0.978170276
1786799527485414912.000000 -0.160334453 -0.026680868 -0.437134087 0.009631614 0.240519717 -0.008786004 0.970556736
1786799528918479872.000000 -0.143735155 -0.026442265 -0.371235967 0.012474583 0.255650580 -0.006187330 0.966668963
1786799529051790848.000000 -0.140560284 -0.026242744 -0.366227448 0.012772898 0.264813006 -0.005944053 0.964196861
1786799529285205248.000000 -0.135735080 -0.026015624 -0.357522577 0.012856261 0.273712873 -0.005338358 0.961710751
1786799529451795456.000000 -0.133461714 -0.025563624 -0.350966036 0.011424331 0.274312377 -0.004972203 0.961559951
1786799529551791872.000000 -0.132635638 -0.025011681 -0.347026676 0.010261391 0.272252381 -0.004855243 0.962158918
1786799529618490880.000000 -0.132318363 -0.024575219 -0.344264507 0.009990376 0.270095259 -0.004845841 0.962769628
1786799529718491392.000000 -0.131805509 -0.024511652 -0.340219140 0.009676851 0.265849382 -0.004829405 0.963953912
1786799529885256960.000000 -0.131279886 -0.024179548 -0.333393067 0.009634486 0.257148623 -0.004774744 0.966312051
1786799530418530304.000000 -0.114043377 -0.014032021 -0.324050903 0.015541032 0.224856108 -0.003272373 0.974262536
1786799530753391360.000000 -0.120254673 -0.023536321 -0.300778836 0.008294668 0.226933241 -0.004475323 0.973864734
1786799530885172224.000000 -0.107687280 -0.024112687 -0.299217850 0.006134207 0.225891948 -0.001834631 0.974131346
1786799531118585088.000000 -0.114274204 -0.023258548 -0.286910743 0.007684521 0.237504914 -0.004621613 0.971344948
1786799531251826944.000000 -0.112147637 -0.022996770 -0.282067984 0.008753329 0.242816374 -0.005168931 0.970019042
1786799531385251328.000000 -0.107780755 -0.023268078 -0.277889580 0.009160699 0.247205466 -0.004870150 0.968907535
1786799532051892992.000000 -0.093374312 -0.023062890 -0.254943252 0.007582553 0.258043051 -0.004753782 0.966091990
1786799532385235968.000000 -0.088166334 -0.022499746 -0.242165819 0.005681030 0.252160221 -0.004864094 0.967656612
1786799532718588416.000000 -0.083130985 -0.022947986 -0.229437888 0.007485548 0.244475573 -0.005814082 0.969609141
1786799533118580992.000000 -0.075502641 -0.023481594 -0.214714497 0.007705524 0.238630399 -0.006094058 0.971060753
1786799533985297920.000000 -0.054473225 -0.023510812 -0.186177149 0.006388750 0.249045968 -0.006053992 0.968451679
1786799534118642432.000000 -0.052723296 -0.023495430 -0.181681633 0.007280635 0.251726508 -0.006624961 0.967748344
1786799534785392384.000000 -0.036516257 -0.022910245 -0.157818824 0.001593047 0.251748741 -0.004723451 0.967779815
1786799534918554368.000000 -0.033627722 -0.022860102 -0.153311312 0.002079792 0.249837562 -0.004816266 0.968273580
1786799535085273856.000000 -0.030169748 -0.022668710 -0.147454321 0.003559003 0.247376487 -0.005214758 0.968898892
1786799535285267968.000000 -0.026551582 -0.022660792 -0.140280321 0.005074961 0.244747788 -0.005690143 0.969556808
1786799535518661888.000000 -0.021801133 -0.022143031 -0.132111847 0.005758887 0.242510706 -0.005937817 0.970113456
1786799536185401856.000000 -0.007394662 -0.020896906 -0.109866142 0.001885741 0.245952144 -0.004754446 0.969268501
1786799536385339904.000000 -0.003057158 -0.021631885 -0.103360608 0.003457959 0.248332888 -0.005314591 0.968654037
1786799536618693120.000000 0.002340742 -0.022477709 -0.095240541 0.004815312 0.250869066 -0.005584864 0.967992961
1786799537285259008.000000 0.015886603 -0.021269804 -0.070989773 0.000550474 0.250434011 -0.004287784 0.968124032
1786799537452816896.000000 0.019364616 -0.021509262 -0.064913265 0.001706799 0.248389572 -0.004453366 0.968648493
1786799537785305344.000000 0.023485269 -0.022241566 -0.051592179 0.005031828 0.235078871 -0.005550767 0.971947432
1786799537985368320.000000 0.024637178 -0.022699844 -0.042102881 0.006407867 0.216766015 -0.005918200 0.976184607
1786799538185362944.000000 0.025126340 -0.023077460 -0.032238510 0.007367243 0.196661174 -0.006468765 0.980422497
1786799538385440000.000000 0.025593268 -0.023240278 -0.022303840 0.008092909 0.176523358 -0.006787405 0.984239817
1786799538552032000.000000 0.025338732 -0.024076607 -0.014091520 0.008086726 0.159816757 -0.006926745 0.987089276
1786799538851984384.000000 0.025188480 -0.024998292 -0.000101910 0.008550018 0.127621576 -0.007011024 0.991761327
1786799539118697216.000000 0.024090920 -0.025395006 0.012438679 0.008964267 0.098722219 -0.006889138 0.995050848
1786799539618781952.000000 0.056094926 -0.019423220 0.032882553 0.013117539 0.025913388 -0.000394806 0.999578059
1786799540085423104.000000 0.025528783 -0.020551629 0.062855780 0.012193508 -0.018225234 -0.002278964 0.999756932
1786799540985368320.000000 -0.005613025 -0.018840564 0.105297133 0.014094222 -0.125235751 -0.000972757 0.992026389
